id,negative,key_entity
f3b61b38,1,小资钱包;资易贷
84b12bae,0,
6abf4a82,0,
8d076785,1,易捷金融;宜贷网
d65a1577,1,贵金属
4f5344cd,1,fcoin
a630e1f8,0,
483e80d4,1,钱宝网
af86add3,1,深圳市钱爸爸电子商务有限公司
8a707622,1,小资钱包;(北京)资易贷金融信息服务有限公司
13792798,1,昆明泛亚有色金属交易所股份有限公司
8d1db23b,0,
fa1a82ad,0,
6313d317,1,资易贷（北京）金融信息服务有限公司;小资钱包
936b4763,1,小资钱包;资易贷
e46c77f5,1,资易贷（北京）金融信息服务有限公司;小资钱包
7d65264f,0,
0a6216d9,1,小资钱包;资易贷
9406837a,0,
e301b3ec,0,
0d0fd2c0,1,快鹿金融集团;e租宝;石头理财
ab2de132,1,旺旺贷
4523801e,1,摩尔龙;宜贷网
35497491,1,麒麟金融集团有限公司
d2f15996,1,小资钱包;恒丰银行;资易贷(小资钱包）
b236d073,1,中佳易购;万银电子商务有限公司
2b3f81c9,1,小资钱包;资易贷金融信息服务有限公司
5c38b15f,0,
c25c24fc,1,懒财网;余盆网
b55b146a,0,
2c5245d0,0,
5b557546,0,
cbea68d7,0,
0012d20a,0,
e971773f,0,
70782685,1,环迅支付;红岭创投;信融财富
f7078267,1,微积金
876d76e8,1,深圳优库速购
9e91ff84,1,蜜蜂财富
e996cf12,1,摩尔龙;宜贷网
77f25ab1,1,小资钱包;资易贷
7e44169a,0,
6984afe9,1,小资钱包;资易贷
19ee5b66,0,
80e70adc,1,钱宝网
1058174d,1,资易贷（北京）金融信息服务有限公司;小资钱包
cd7931c6,0,
ba7e0150,1,资易贷（北京）金融信息服务有限公司;小资钱包
241a94f3,1,瑞波币
531da465,1,小资钱包;恒丰银行
2dacd8d8,0,
d4620087,0,
a3653011,1,钱宝网
a408f408,0,
34b7e999,1,联璧金融;斐讯;京东;联璧
11413268,1,e租宝
664602fe,0,
162cf671,0,
8f25a7cb,0,
7f5d33bf,0,
e6546205,0,
7830f7a6,1,摩尔龙;宜贷网
e139a61c,0,
06818b1b,0,
471b95ee,0,
301ca578,1,小诸葛金服;P2P理财;融腾集团
a915f4c2,1,摩尔龙;宜贷网
407651f7,1,小资钱包;恒丰银行;北京资易贷;资易贷
37716161,0,
ae7830db,0,
49c01ddc,1,资易贷（北京）金融信息服务有限公司;小资钱包
3ec72d4a,0,
5e00a4af,0,
596d60b6,0,
b763019a,0,
c064310c,1,卡卡贷;微信金科
50db2c9d,1,零时口袋;快易借;钱太太;速贷宝;天天花;复星宝;机有米;闪到;金婵钱包;宇宙白卡;喵喵贷;小肥羊
27dc1c0b,1,小资钱包
9b239640,0,
6c36c62d,1,江苏联宝订单信息科技发展有限公司
1b31f6bb,1,中兴财富
f53f9797,1,小资钱包;资易贷
85556318,1,小资钱包;资易贷
9ca9ea74,0,
05a0bbce,0,
72a78b58,1,唐小僧
ecc31efb,0,
75ca4f41,0,
e57552d0,0,
92726246,1,资易贷（北京）金融信息服务有限公司;小资钱包
f2b5eba3,1,北京资易贷金融信息服务有限公司;小资钱包
85b2db35,1,旺旺贷
1cbb8a8f,1,聚财猫;北京银行
6bbcba19,0,
82df1f2c,0,
1bd64e96,1,摩尔龙;宜贷网
6cd17e00,1,资易贷（北京）金融信息服务有限公司旗下;小资钱包
2131eeb3,0,
265c2aaa,1,海象理财
515b1a3c,0,
bf557b10,0,
2fea6681,0,
58ed5617,0,
382adff2,1,fcoin
d624bede,1,人人公益
3f471beb,1,钱宝
d1497ac7,1,联璧金融;斐讯;北京银行
36f157c0,0,
41f66756,0,
8a0edd8b,0,
8d631992,1,北京易商通科技有限公司
1ddc0403,1,联璧金融;斐讯;京东
0a1cbd70,1,小资钱包
7d1b8de6,0,
0d717969,0,
7a7649ff,0,
947828d3,0,
04c73542,1,随手记钱包
73c005d4,0,
455d2bb7,0,
325a1b21,1,天天投金融
ab534a9b,0,
dc547a0d,1,上海卓妍投资管理有限公司;金球所
3537df38,1,万信贷
3c819313,0,
5c461af6,1,云集品
b2487bda,1,新华产权交易所;福州中闽荣耀投资咨询有限公司
5b2bdeef,1,易捷金融;宜贷网
2c2cee79,0,
529d92c4,1,资易贷（北京）金融信息服务有限公司;小资钱包
259aa252,1,拍拍贷;网利宝
776b4935,0,
70068d2c,1,以太坊;比特币
9e08ec00,1,小资钱包
197748e2,1,联璧金融;斐讯
807e1958,1,商银信支付服务有限公司;北京爱农支付服务有限公司
1e1a8cfb,1,钱包金融
8713dd41,1,冠群驰骋;冠e通
60abf046,1,资易贷（北京）金融信息服务有限公司;小资钱包
17acc0d0,0,
e9e864bb,1,多米金融
07e60597,1,陆金所
70e13501,1,????银监会;小资钱包;恒丰银行;资易贷
ee85a0a2,1,易捷金融;宜贷网
778cf118,0,
e733ec89,1,诺诺镑客;稳盈宝;人人操盘;Ｅ镑客;跟投乐
69fa0440,1,壹佰金融
f79e91e3,1,贝格富;长红配资
8099a175,0,
6e97c059,1,唐小僧
20f38484,1,微汇国际
57f4b412,1,杭州稳瞻信息科技有限公司;利得行;名利得
cefde5a8,0,
c99021b1,0,
592f3c20,1,普银币
a0e1e47f,0,
3e8571dc,1,海象理财;复华
40340d61,0,
12c5e606,1,小资钱包;恒丰银行
65c2d690,1,小资钱包;北京正聚源通鼎公司;(北京)资易贷金融信息服务有限公司
fccb872a,1,大时贷
15a8221f,1,爱福家
62af1289,0,
fba64333,1,联璧金融;斐讯
8ca173a5,0,
6b195ea2,1,叮咚钱包
7bb423c8,1,寓锡金服
e2bd7272,1,钱宝
95ba42e4,0,
05055f75,0,
72026fe3,0,
dd96103a,0,
34f5b50f,1,钱宝网
adfce4b5,0,
4a44c9b2,0,
2a834057,1,黑蚂蚁;夸克金融
b38a11ed,0,
c48d217b,1,摩尔龙;宜贷网
2dee844e,0,
b4e7d5f4,1,云集品
535ff8f3,0,
76a92302,1,小资钱包;资易贷
98a7422e,1,斐讯;京东;联璧
e8cdb6a1,1,永利宝
0f759ba6,1,小资钱包;恒丰银行;资易贷
6fb21243,0,
86d1b776,1,小资钱包;恒丰银行;北京正聚源公司
f1d687e0,1,小资钱包;北京正聚源通鼎公司;(北京)资易贷金融信息服务有限公司
166eaae7,1,易捷金融;宜贷网
e82a0e8c,1,小资钱包;(北京)资易贷金融信息服务有限公司
ef47ca95,1,钱端;钱端招行
9840fa03,0,
764e9b2f,0,
91f6b628,0,
f1313fcd,0,
1f3f5ee1,1,小资钱包
68386e77,1,蜜蜂财富
f65cfbd4,0,
6f55aa6e,1,小资钱包;资易贷北京金融信息服务有限公司
bcb5c3bb,1,乐付
22d15618,0,
ccdf3734,1,金贝猫
bbd807a2,1,小资钱包;资易贷(北京)金融信息服务有限公司
2b671a33,1,红岭创投
5c602aa5,1,小资钱包;恒丰银行;资易贷
3ca7a340,1,资易贷（北京）金融信息服务有限公司;小资钱包
4ba093d6,1,联璧金融;上海联璧电子科技（集团）有限公司
a5aef2fa,0,
3bca6759,0,
d5c40675,0,
a2c336e3,1,e租宝
178af083,1,小鸣单车
8e83a139,1,易通贷
7996f154,1,湖商贷
97989078,1,易米融
09fc05db,0,
7efb354d,0,
e7f264f7,1,okex
004a49f0,1,浙江昕昕资产管理有限公司
774d7966,1,小资钱包;资易贷
41d05705,1,钱宝网
36d76793,0,
afde3629,0,
d8d906bf,0,
dfb4c2a6,0,
4f0bdf37,0,
58cb6644,1,票据宝;众聚盈
5fa6a25d,0,
5610ee76,1,小资钱包;恒丰银行;资易贷
2117dee0,0,
eaef643d,0,
ed82a024,0,
7d3dbdb5,0,
0a3a8d23,0,
84f365ea,1,小资钱包;资易贷金融信息服务有限公司
1a97f049,0,
839ea1f3,0,
ed651809,0,
036b7925,0,
9d0fec86,1,联璧金融;连连银通支付;易利贷;京东
0406bd3c,0,
e3be903b,1,钱宝网
94b9a0ad,1,钱宝网
1a704864,1,小资钱包;资易贷北京金融信息服务有限公司
6d7778f2,0,
6a1abceb,0,
faa5a17a,0,
5379c8a0,1,钱宝网
ca70991a,0,
2aa57004,0,
5da24092,0,
4d0f3df8,1,易捷金融;宜贷网
d4066c42,0,
a3015cd4,1,小资钱包;北京资易贷
33be4145,1,资易贷（北京）金融信息服务有限公司;小资钱包
f846fb98,0,
66226e3b,1,小资钱包;恒丰银行;????小资钱包
882c0f17,1,小资钱包;(北京)资易贷金融信息服务有限公司
18931286,0,
6f942210,1,易捷金融;宜贷网
e15dcad9,1,小资钱包
7f395f7a,1,得宝理财
e6300ec0,1,钱宝网
018823c7,0,
768f1351,1,冠群驰骋;冠e通
37150da4,1,联璧金融;上海联璧电子科技（集团）有限公司
477ff92b,1,钱宝网
a9719807,1,资易贷（北京）金融信息服务有限公司;小资钱包
39ce8596,0,
59090c73,0,
2963f8fc,0,
b06aa946,0,
c76d99d0,1,联璧金融
72245fb0,0,
05236f26,1,小葱;fcoin
9c2a3e9c,0,
75499ba9,1,才米公社;夸克金融
024eab3f,1,北京资易贷金融信息服务有限公司;小资钱包
ec40ca13,0,
0bf8e714,0,
6b3f6ef1,0,
85310fdd,1,国付宝;联动优势
6c52aae8,0,
9ba042a8,0,
75ae2384,1,小资钱包;北京正聚源通鼎信用管理有限公司
9ccd86b1,1,新光集团;中弘股份;东兴证券
e27cfa0c,0,
f5bc437f,1,卡宝典;九方伪集团;融360
1bb22253,1,联璧科技;paypal
6cb512c5,1,资易贷（北京）金融信息服务有限公司;小资钱包
1cdfe64a,0,
2638466f,1,北银创投
513f76f9,1,小资钱包;恒丰银行;资易贷
c8362743,1,汇聚财富
cf5be35a,1,红岭创投;投资宝
b85cd3cc,1,小资钱包;资易贷
28e3ce5d,0,
3f23772e,0,
d12d1602,0,
a62a2694,0,
140e24ed,1,浙江贵发资产管理有限公司;猴子理财
6309147b,0,
8d077557,1,小资钱包
6464d062,1,资易贷（北京）金融信息服务有限公司;小资钱包;恒丰银行
e31b7480,0,
941c4416,0,
7d7fe123,0,
e476b099,0,
9371800f,1,北银创投
74c9ad08,1,普银币
3553b3fd,1,小资钱包
ac5ae247,0,
ab37265e,1,小资钱包;资易贷
dc3016c8,0,
3b883bcf,0,
5b4fb22a,1,小资钱包;资易贷
2c4882bc,0,
b541d306,1,易捷金融;宜贷网
2b2546a5,0,
b22c171f,0,
22930a8e,1,金交所;修正药业;宜贷网
7062e1e9,1,????天猫无人书店
0765d17f,0,
9e6c80c5,1,资易贷（北京）金融信息服务有限公司;小资钱包;恒丰银行;资易贷
e96bb053,1,云端金融;杭州云端金融信息服务有限公司
ee06744a,1,小资钱包;资易贷
7eb969db,0,
1e7ee03e,1,五洋建设
f0708112,0,
6e1414b1,1,威锯危来科技
19132427,1,资易贷（北京）金融信息服务有限公司;小资钱包
67a2589a,0,
10a5680c,1,小资钱包;资易贷
99e6fcf1,1,小资钱包;资易贷
00efad4b,1,宜贷网
77e89ddd,0,
f7fafd26,1,钱宝网
80fdcdb0,1,唐小僧
19f49c0a,0,
6ef3ac9c,0,
f097393f,0,
879009a9,1,小微时贷
1e995813,0,
699e6885,1,钱宝网
8e264582,0,
27fa2c58,1,钱宝网
50fd1cce,0,
c9f44d74,1,小资钱包;(北京)资易贷金融信息服务有限公司简称小资钱包;北京正聚源通鼎公司
2097e841,0,
5790d8d7,0,
ce99896d,0,
b99eb9fb,1,好好理财
5e2694fc,0,
a7e84ca3,0,
398cd900,0,
4e8be996,0,
d782b82c,1,小资钱包;资易贷
a08588ba,1,资易贷（北京）金融信息服务有限公司;小资钱包
473da5bd,0,
fbc22ff6,1,快易借;机有米;闪到;钱太太;速贷宝;天天花;小肥羊;融360
8cc51f60,0,
65a6ba55,1,海象理财
fcafebef,1,资易贷（北京）信息金融服务有限公司;小资钱包;资易贷
8ba8db79,0,
1b17c6e8,0,
6c10f67e,0,
0bbabb82,0,
e5b4daae,0,
92b3ea38,0,
750bc73f,1,e周行
3491d9ca,1,海象理财;复华
da9fb8e6,1,资易贷（北京）金融信息服务有限公司;小资钱包
44fb2d45,0,
aaf54c69,1,葫芦岛银行;超银网贷;闪银网贷
ddf27cff,1,时时彩;山东源大工贸
3a4a51f8,1,资易贷（北京）金融信息服务有限公司旗下;小资钱包
5a8dd81d,0,
2d8ae88b,1,钱宝网
b483b931,1,小资钱包;资易贷
c38489a7,1,小资钱包;资易贷金融信息服务有限公司
5de01c04,1,小资钱包;资易贷
2ae72c92,0,
c4e94dbe,0,
235160b9,1,小资钱包
71a08bde,1,钱宝网
06a7bb48,0,
76cd4fc7,0,
01ca7f51,1,钱宝网
98c32eeb,0,
efc41e7d,1,钱宝网
68bbba9f,0,
1fbc8a09,1,合众e贷财富;神舟好易贷
f1b2eb25,1,摩尔龙;上海宜贷网;易捷金融
81d81faa,0,
666032ad,0,
ef23a650,1,金贝;旌逸集团
982496c6,1,资易贷（北京）金融信息服务有限公司;小资钱包
762af7ea,1,e租宝;泛亚有色金属交易所
96ff1ef4,1,雅堂金融;雅堂集团
f6389711,1,北京玖富集团;希财猫;玖富
813fa787,0,
6f31c6ab,0,
8fe42fb5,1,小资钱包;恒丰银行
2ca66b65,1,金球所
5ba15bf3,1,摩尔龙;易捷金融;宜贷网
c2a80a49,0,
2bcbaf7c,1,小资钱包;恒丰银行;资易贷
c5c5ce50,1,钱宝网
557ad3c1,1,360金融集团
42ba6ab2,1,融和贷
dbb33b08,0,
32d09e3d,0,
abd9cf87,1,上海宝银创赢投资管理有限公司;宝银创赢
3b66d216,0,
1e9009e7,1,联璧金融
f09e68cb,0,
6efafd68,0,
104b81d5,0,
674cb143,1,唐小僧
078b38a6,1,深圳市富通天下投资管理有限公司
e985598a,0,
9e82691c,1,恒富金融集团;恒富金融
00e6fcbf,1,小资钱包;资易贷金融信息服务有限公司
77e1cc29,0,
eee89d93,1,魔房宝;魔方金服
0950b094,0,
48caae61,0,
3fcd9ef7,1,小资钱包;资易贷金融信息服务有限公司
a6c4cf4d,1,川惠财富
d1c3ffdb,1,唐小僧;e租宝
46112653,1,红岭创投
26d6afb6,0,
c8d8ce9a,1,和诚德在线
56bc5b39,1,海象理财
b8b23a15,0,
280d2784,1,小资钱包
0dfbfc75,1,普银币
94f2adcf,0,
e3f59d59,0,
7d9108fa,1,钱宝网
0a96386c,1,????无忧借条;友信宝;无忧借条
939f69d6,0,
742744d1,1,易捷金融;宜贷网
14e0cd34,0,
8a845897,1,健康猫
6d3c7590,0,
e47fe16d,1,台投资商
0d1c4458,0,
7a1b74ce,1,成都易捷金融;上海宜贷网
eaa4695f,0,
9da359c9,1,银坊金融
fd64d02c,1,钱宝网
646d8196,1,地浓金融;聚富蛙
fa091435,1,小资钱包;(北京)资易贷金融信息服务有限公司
14077519,0,
84b86888,1,健康猫
b46d50e8,0,
5d0ef5dd,1,招商银行;众金所;钱端
c407a467,0,
b30094f1,1,小资钱包;资易贷金融信息服务有限公司
23bf8960,1,资易贷（北京）金融信息服务有限公司;小资钱包;资易贷
347f3013,0,
43780085,1,小资钱包
3312f40a,0,
4415c49c,0,
dd1c9526,1,小资钱包
aa1ba5b0,0,
68555346,1,小资钱包
865b326a,0,
183fa7c9,1,小资钱包;资易贷
8136f673,0,
1189ebe2,0,
06495291,1,江苏联宝订单信息科技发展有限公司
7623a61e,0,
ef2af7a4,0,
7f95ea35,1,摩尔龙;宜贷网
4908c456,0,
a706a57a,0,
d00195ec,0,
396230d9,0,
a06b6163,1,小资钱包;资易贷金融信息服务有限公司
5013f517,0,
2714c581,1,联璧金融
c91aa4ad,1,金吉利宝
577e310e,0,
20790198,1,资易贷（北京）信息金融服务有限公司;小资钱包;资易贷
5ec87d25,1,老虎金融
29cf4db3,0,
7b3ea6d4,0,
9530c7f8,1,软银资本;易贷网;宜贷网
0b54525b,0,
e55a3377,0,
1522a703,0,
8c2bf6b9,0,
fb2cc62f,0,
6548538c,1,小资钱包;恒丰银行;资易贷
124f631a,1,17互助
8b4632a0,0,
fc410236,0,
6cfe1fa7,0,
1bf92f31,1,旺旺贷
e2d04f43,0,
0cde2e6f,1,美团
7bd91ef9,0,
eb660368,1,坚固环球
fca6ba1b,1,江苏瀚华硅产业有限公司;钱宝网
8ba18a8d,0,
12a8db37,0,
65afeba1,1,摩尔龙;宜贷网
fbcb7e02,1,联璧金融;唐小僧
8ccc4e94,1,小资钱包;资易贷
f27d3229,0,
2d2ef2ad,0,
c44d5798,1,钱宝
5d440622,1,资易贷（北京）金融信息服务有限公司;小资钱包;资易贷
2a4336b4,1,摩尔龙;易贷网;宜贷网
cdfb1bb3,1,摩尔龙;宜贷网
4332f37a,0,
aa51564f,1,百信银行;网利宝
335807f5,1,信和大金融
d4e02af2,0,
8611c195,0,
f116f103,1,资易贷（北京）金融信息服务有限公司;小资钱包
681fa0b9,1,钱宝网
1f18902f,0,
f67b351a,1,深圳市钱爸爸电子商务有限公司
6f7264a0,1,小资钱包;资易贷;(北京)资易贷金融信息服务有限公司
0603a16e,1,亿阳集团
986734cd,1,玉米理财;理房(北京)网科技发展有限公司;玉米爱财;北京展聚天下信息技术有限公司
766955e1,1,小资钱包;恒丰银行
016e6577,1,中睿盛通资金盘
91d178e6,0,
3928c326,0,
4e2ff3b0,1,易捷金融;宜贷网
de90ee21,0,
c9505752,1,唐小僧
be5767c4,1,南京银行;诚意贷
505906e8,0,
ce3d934b,1,联璧金融;唐小僧;斐讯
2033f267,1,摩尔龙;宜贷网
c78bdf60,1,易商通
e27d0491,1,天伦金服
0c7365bd,0,
7b74552b,0,
0b1ea1a4,1,钱宝网
7c199132,0,
9ba1bc35,1,小资钱包;资易贷
fb6635d0,0,
8c610546,1,摩尔龙;成都易捷公司;宜贷网
120590e5,1,摩尔龙;宜贷网
6502a073,1,黄金佳;金吉通
f5bdbde2,1,ppmoney
82ba8d74,1,玺鉴金融;上海玺鉴金融信息服务有限公司
0bf91989,1,顶呱呱贷款
92f04833,0,
7b93ed06,1,小资钱包;北京资易贷
0c94dd90,0,
7225a12d,1,优宝汇
fcec49e4,0,
158fecd1,0,
8c86bd6b,1,聚投网
fb818dfd,0,
b5e5c920,0,
5beba80c,1,太平洋保险;安创理财;杭州钜泽投资管理有限公司
2cec989a,1,聚才道
2b815c83,1,深圳市永信诚科技有限公司;中燃物流有限公司;壹佰金融;深圳市小佰投资控投合伙企业
cc397184,0,
ab933c78,1,易道德;中南信达;和中
329a6dc2,1,麒麟金融集团有限公司
f0d49b34,1,小资钱包;恒丰银行
19b73e01,1,易贷网;宜贷网;上海易贷网金融信息服务有限公司
9ec89ae3,1,泛亚有色金属交易所
e9cfaa75,0,
07c1cb59,0,
eea26e6c,0,
77ab3fd6,1,钱宝
901312d1,0,
d1890c24,1,中经汇金
a1e3f8ab,1,广州金控小额贷款有限公司
4fed9987,0,
a855b480,1,小资钱包;恒丰银行;北京正聚源通鼎信用管理有限公司
c8923d65,0,
cffff97c,0,
b8f8c9ea,1,资易贷（北京）金融信息服务有限公司;小资钱包;恒丰银行
21f19850,1,联金所;深圳壹佰金融
56f6a8c6,1,资易贷（北京）金融信息服务有限公司;小资钱包
b14e85c1,1,ST富控
e3bf6ea6,1,资易贷（北京）金融信息服务有限公司;小资钱包
94b85e30,0,
0db10f8a,0,
7ab63f1c,1,联璧金融;上海联璧电子科技（集团）有限公司
0adccb93,0,
7ddbfb05,0,
ed64e694,1,钱宝网
9a63d602,1,小资钱包;资易贷
faa45fe7,0,
13c7fad2,0,
f47fd7d5,0,
8378e743,1,资易贷（北京）金融信息服务有限公司;小资钱包;恒丰银行
7d3c4328,0,
e4351292,1,小资钱包;北京资易贷
7a518731,0,
0d56b7a7,0,
945fe61d,0,
e358d68b,1,上海卓妍投资管理有限公司;金球所
04e0fb8c,1,杭州云端金融信息服务有限公司
64277269,0,
8a291345,1,摩尔龙;成都易捷公司;宜贷网
fd2e23d3,1,大志集团
634ab670,1,资易贷（北京）金融信息服务有限公司;小资钱包;恒丰银行
6afcfa5b,0,
1dfbcacd,0,
b7a37779,1,资易贷（北京）金融信息服务有限公司;小资钱包
b978ff4b,0,
aeb84638,1,联璧金融;唐小僧;上海联璧电子科技（集团）有限公司;雅堂金融;钱宝
a9d58221,0,
ded2b2b7,0,
47dbe30d,0,
30dcd39b,1,联璧金融;上海联璧电子科技（集团）有限公司
d764fe9c,1,小资钱包;资易贷
859515fb,0,
f292256d,1,小资钱包
6b9b74d7,1,红岭创投;草根金融
1c9c4441,1,联璧金融;唐小僧
6cf6b0ce,1,钱宝网
eb89142c,1,招商银行;众金所;钱端
72804596,1,青岛九州商品交易中心有限公司
ece4d035,0,
d3cfb27d,1,小资钱包;恒丰银行
4ac6e3c7,1,链城亿购
d4a27664,0,
4dab27de,0,
dd143a4f,0,
cad4833c,1,联金所;壹佰金融;东方银座
bdd3b3aa,0,
24dae210,0,
cdb94725,1,钱宝网
54b0169f,1,月光宝盒
c40f0b0e,0,
0ff7b1d3,1,小资钱包;资易贷
78f08145,0,
91932470,0,
ef2258cd,1,百姓网
8fe5d128,0,
61ebb004,1,联璧金融;斐讯
1181448b,1,小资钱包;资易贷;北京金融服务有限公司
6686741d,0,
f639698c,1,小资钱包;北京正聚源通鼎公司;(北京)资易贷金融信息服务有限公司
813e591a,0,
7f7afd71,0,
087dcde7,1,宜贷网
78173968,1,砍柴网
96195844,1,融泽财富;多好贷
e11e68d2,0,
6661cc30,0,
1166fca6,1,igofx
886fad1c,0,
ff689d8a,0,
610c0829,0,
160b38bf,1,小资钱包;北京正源通鼎公司;资易贷
8f026905,1,钱宝网
f8055993,0,
b6611d4e,1,iac
586f7c62,1,小资钱包;恒丰银行;北京正聚源通鼎信用管理有限公司
2f684cf4,1,资易贷（北京）金融信息服务有限公司;小资钱包
b10cd957,1,宜贷网
c60be9c1,0,
280588ed,1,小资钱包;资易贷金融信息服务有限公司
cfbda5ea,1,众车在线
af7a2c0f,0,
41744d23,1,云南纸源工贸有限公司
a817e816,0,
f3504f5a,1,资易贷（北京）金融信息服务有限公司;小资钱包
6a591ee0,1,宜贷网
1d5e2e76,0,
f43d8b43,1,资易贷（北京）金融信息服务有限公司;小资钱包
6d34daf9,1,万盈金融
1a33ea6f,1,健康猫
9d4c4e8d,1,资易贷（北京）信息金融服务有限公司;小资钱包
73422fa1,1,小资钱包;恒丰银行
ed26ba02,1,小资钱包;资易贷金融信息服务有限公司
0328db2e,1,博邦商城
e490f629,0,
a50ae8dc,0,
3c03b966,1,小资钱包
4b0489f0,1,资易贷（北京）金融信息服务有限公司;小资钱包
a2672cc5,0,
3b6e7d7f,0,
4c694de9,1,小资钱包;资易贷北京金融信息服务有限公
abd160ee,1,小资钱包;北京正聚源通鼎公司;(北京)资易贷金融信息服务有限公司
bc11d99d,1,有脉金控
bb7c1d84,1,易捷金融;宜贷网
22754c3e,1,百信银行;????网利宝
55727ca8,1,资易贷（北京）金融信息服务有限公司;小资钱包;恒丰银行
c5cd6139,1,联璧金融;唐小僧;雅堂金融;钱宝网;钱宝
e03bbac8,1,资易贷（北京）金融信息服务有限公司;小资钱包
973c8a5e,0,
90514e47,0,
eee032fa,0,
99e7026c,0,
f9208b89,1,小资钱包;资易贷
8e27bb1f,1,小资钱包;恒丰银行;资易贷
f7fb03bb,0,
7eb89746,0,
90b6f66a,1,易捷金融;宜贷网
e0dc02e5,0,
89adc72b,0,
feaaf7bd,0,
60ce621e,1,小资钱包;资易贷
17c95288,1,小资钱包;资易贷
f9c733a4,0,
69782e35,1,霸屏天下
1e7f1ea3,0,
b32e0bcb,1,联璧金融;斐讯
5d206ae7,1,普银币;深圳普银区块链集团有限公司
2a275a71,1,亿好金服;君享金融
5a4daefe,1,资易贷（北京）金融信息服务有限公司;小资钱包
2d4a9e68,0,
aa353a8a,1,小资钱包
333c6b30,1,健康猫
da5fce05,1,企商贷;多点金服;东朗理财
81186949,1,昆明泛亚有色金属交易所
181138f3,0,
8675ad50,0,
8fc3e17b,1,企商贷;多点金服;东朗理财
98035808,0,
ef04689e,1,钱宝网
010a09b2,1,红岭创投;草根金融;红岭控股
e869ac87,1,联保投资网
7160fd3d,0,
0667cdab,1,浙江昕昕资产管理有限公司
96d8d03a,1,朵朵金融;助商金服
d742cecf,1,小资钱包;恒丰银行;资易贷
a045fe59,1,众车在线
394cafe3,0,
4e4b9f75,0,
a7283a40,0,
ae9e766b,1,资易贷（北京）金融信息服务有限公司;小资钱包
b95ecf18,1,月光宝盒
20579ea2,0,
5750ae34,1,易捷金融;宜贷网
c9343b97,0,
be330b01,1,钱宝网
273a5abb,0,
503d6a2d,0,
c08277bc,1,钱宝网
b785472a,0,
92739cdb,0,
0b7acd61,0,
7c7dfdf7,0,
951e58c2,1,摩尔龙;宜贷网
0c170978,1,握握金服
ebaf247f,0,
fb025915,0,
150c3839,1,海象理财;复华集团
620b08af,1,资易贷（北京）信息金融服务有限公司;小资钱包
85b325a8,1,有脉金控
7bf781c3,0,
e2fed079,1,小资钱包;资易贷
7c9a45da,0,
0b9d754c,1,雪橙金服
929424f6,1,小资钱包;恒丰银行
022b3967,1,北京资易贷金融信息服务有限公司;小资钱包
62ecb082,1,懒财网;余盆网
6581749b,1,深圳市钱爸爸电子商务有限公司
1286440d,0,
6c3738b0,1,唐小僧;小诸葛金服
1b300826,0,
c5eb516a,1,资易贷（北京）金融信息服务有限公司;小资钱包
5ce200d0,0,
2be53046,1,小资钱包;恒丰银行;资易贷
c2869573,1,玖富
2c88f45f,1,联璧金融;唐小僧;钱宝网;雅堂金融
bc37e9ce,1,昆明泛亚有色金属交易所;e租宝
dcf0602b,1,成都易捷;摩尔龙;宜贷网
45f93191,1,钱端;网利宝
32fe0107,0,
ac9a94a4,1,KFD凯福德
db9da432,0,
4294f588,0,
3593c51e,1,小资钱包;北京资易贷
a52cd88f,1,小资钱包
d22be819,0,
80da037e,1,FX;北大青鸟
19d352c4,1,chainbook
87b7c767,0,
f0b0f7f1,0,
f906bbda,1,壹佰金融
77cf5313,1,冠群驰骋;冠e通
e9abc6b0,1,大学生贷
971aba0d,0,
e01d8a9b,1,创投网;中闽创投;中嘉源（北京）投资担保有限公司
d680a4f8,1,摩尔龙;宜贷网
d1ed60e1,1,班汇通
af5c1c5c,1,资易贷（北京）金融信息服务有限公司;小资钱包
2195f495,1,钱包金融
c8f651a0,1,沃时贷
bff16136,1,易贷网;易捷金融;宜贷网
51ff001a,0,
b6472d1d,1,小资钱包
e4b6c67a,0,
93b1f6ec,1,资易贷（北京）金融信息服务有限公司;小资钱包
7dbf97c0,1,青岛仁和融兴投资有限公司
9d6a7ede,0,
fdadf73b,1,上海综金投资管理有限公司
8aaac7ad,0,
64a4a681,1,资易贷（北京）金融信息服务有限公司;小资钱包
8dc703b4,1,资易贷（北京）金融信息服务有限公司;小资钱包
14ce520e,0,
7a35ebf4,1,联璧金融;斐讯;京东
0d32db62,1,昆明泛亚有色金属交易所;e租宝
943b8ad8,1,易捷金融;宜贷网
7d582fed,1,聚财猫;聚财猫理财;裕乾
0a5f1f7b,0,
74ee63c6,0,
632edab5,0,
1429ea23,1,易捷金融;宜贷网
8d20bb99,1,小资钱包;资易贷北京金融信息服务有限公司
64431eac,1,英伦国际
13442e3a,1,小资钱包;资易贷金融信息服务有限公司
6df55287,1,小资钱包;资易贷(北京）金融信息有限公司公司
1af26211,1,钱宝网
b0aadfa5,0,
c7adef33,1,银隆集团;米咖网
5ea4be89,1,易捷金融;宜贷网
59c97a90,0,
2ece4a06,1,票据宝
be715797,1,摩尔龙;成都易捷公司;宜贷网
deb6de72,0,
30b8bf5e,1,联璧金融;唐小僧
40d24bd1,0,
37d57b47,1,优品;分利宝
829cbd27,0,
f59b8db1,1,金贝猫
6c92dc0b,1,钱宝网
1b95ec9d,0,
f2f649a8,1,小资钱包;北京资易贷公司;北京正聚源公司
6bff1812,1,北京资易贷金融信息服务有限公司;小资钱包
1cf82884,0,
fb400583,1,资易贷（北京）金融信息服务有限公司;小资钱包
9b878c66,0,
7589ed4a,1,小资钱包;(北京)资易贷金融信息服务有限公司
ebed78e9,1,修正药业;修涞贵;宜贷网
05e319c5,1,资易贷（北京）金融信息服务有限公司;小资钱包
d4c61aa1,0,
3ac87b8d,0,
d3abdeb8,1,唐小僧;资邦（上海）投资控股有限公司
a4acee2e,1,资易贷（北京）金融信息服务有限公司;小资钱包
4aa28f02,1,小资钱包;资易贷金融信息服务有限公司
ad1aa205,1,帮呗
cddd2be0,1,江苏联宝订单信息科技发展有限公司
bdb7df6f,1,钱宝网
b4019344,1,金贝猫
7ff92999,0,
7894ed80,1,小资钱包;资易贷
e82bf011,0,
88ec79f4,1,摩尔龙公司;成都易捷公司;宜贷网
11e5284e,0,
66e218d8,1,小资钱包;恒丰银行;资易贷
f8868d7b,0,
f130c150,0,
8637f1c6,1,月光宝盒
787355ad,0,
0f74653b,1,菱汇国际
7f1e91b4,1,普银币
9110f098,1,悟空理财;玖富
76a8dd9f,0,
01afed09,0,
8f6605c0,1,小资钱包;恒丰银行;资易贷
6605a0f5,1,红岭创投
11029063,1,小资钱包;资易贷
880bc1d9,1,广发银行
18b4dc48,1,小资钱包;恒丰银行
b168b592,0,
5f66d4be,1,云集品
2861e428,1,资易贷（北京）金融信息服务有限公司;小资钱包
b605718b,1,钱爸爸
c102411d,1,悟空理财;玖富集团;玖富
580b10a7,0,
2f0c2031,1,钱宝网
bfb33da0,0,
467de5ff,0,
d819705c,0,
36171170,1,银都控股;财蜂发财树
d1af3c77,0,
1a5786aa,1,小资钱包;资易贷
6a3d7225,1,壹佰金融
8d855f22,0,
744b877d,1,融租e投
042173f2,1,北京资易贷金融信息服务有限公司;小资钱包
949e6e63,1,小资钱包;资易贷
e3995ef5,0,
4c0d212c,1,聚财猫;北京银行
d269b48f,0,
4b60e535,1,钱宝网
dbdff8a4,1,OracleFX澳瑞克
acd8c832,0,
5516106d,1,钱宝网
bc75b558,0,
257ce4e2,0,
527bd474,1,钱宝网
c2c4c9e5,1,新光集团;中弘股份;东兴证券
093c7338,0,
7e3b43ae,0,
e05fd60d,0,
9758e69b,1,钱宝
0e51b721,1,联璧金融
795687b7,0,
fe292355,0,
892e13c3,0,
10274279,0,
f944e74c,1,网利宝
8e43d7da,0,
174a8660,0,
604db6f6,0,
f0f2ab67,1,钱宝网
90d29aaf,0,
776ab7a8,1,小资钱包;资易贷
006d873e,0,
60aa0edb,1,小资钱包;资易贷
17ad3e4d,0,
67c7cac2,0,
10c0fa54,1,资易贷（北京）金融信息服务有限公司;小资钱包;恒丰银行
89c9abee,1,黄金佳
fece9b78,0,
1976b67f,0,
5357579a,1,中南大宗商品电子商务有限公司
b4ef7a9d,1,平安银行;生菜金融
a44207f7,1,贝格富;长红配资
d3453761,0,
adf44bdc,1,青岛农村商业银行股份有限公司
daf37b4a,0,
8802902d,0,
ff05a0bb,1,小资钱包;恒丰银行;资易贷
660cf101,1,小资钱包;资易贷
f86864a2,0,
86d9181f,0,
f1de2889,1,小资钱包;恒丰银行;北京正聚源通鼎信用管理有限公司
7f17c040,0,
0810f0d6,0,
0f7d34cf,1,北京资易贷金融信息服务有限公司;小资钱包
e8c519c8,0,
d935f3b2,0,
ae32c324,1,和诚德在线
373b929e,1,陆金所
d083bf99,1,易捷金融;宜贷网
a7848f0f,0,
b044367c,1,鑫湘联
5e4a5750,0,
59279349,1,海钜信达
c9988ed8,1,城惠金服
be9fbe4e,0,
ec6e5529,0,
02603405,0,
9c04a1a6,0,
f5756468,0,
827254fe,0,
6b11f1cb,1,小资钱包
72ed78a7,1,资易贷（北京）金融信息服务有限公司;小资钱包
05ea4831,1,小资钱包;资易贷
ebe4291d,1,富民投资网
02878c28,1,小资钱包
1b9cbd69,0,
8295ecd3,0,
f592dc45,1,资易贷（北京）金融信息服务有限公司;小资钱包;恒丰银行
652dc1d4,1,小资钱包;????小资钱包
bbf69898,1,fcoin
ccf1a80e,0,
55f8f9b4,1,钱宝网
22ffc922,1,小资钱包;恒丰银行
bc9b5c81,1,红岭创投
cb9c6c17,0,
25920d3b,1,小资钱包
a2eda9d9,1,小资钱包;资易贷
a5806dc0,0,
d2875d56,0,
4b8e0cec,1,资易贷（北京）金融信息服务有限公司;小资钱包;资易贷
3c893c7a,1,小资钱包;资易贷金融信息服务有限公司
ac3621eb,1,易捷金融;宜贷网
db31117d,1,成都易捷金融;上海宜贷网;宜贷网
67ce9b36,1,摩尔龙;宜贷网
8ead3e03,1,环迅支付;红岭创投;信融财富
871b7228,1,融360
e7dcfbcd,1,云集品
7ed5aa77,0,
09d29ae1,1,钱宝网
97b60f42,0,
e0b13fd4,1,易捷金融;宜贷网
0ebf5ef8,1,壹佰金融
9e004369,0,
df9a5d9c,0,
31943cb0,1,小资钱包;资易贷
46930c26,1,聚财猫
aff0a913,0,
41fec83f,0,
a646e538,0,
c6816cdd,0,
c1eca8c4,0,
b6eb9852,0,
2fe2c9e8,0,
58e5f97e,1,联璧金融
c85ae4ef,1,顺心理财;小行家金服;杭州魅车族金融服务外包有限公司
edac3f1e,0,
9aab0f88,1,企商贷;多点金服;东朗理财
03a25e32,1,联璧金融;唐小僧
74a56ea4,0,
eac1fb07,0,
9dc6cb91,0,
e377b72c,1,深圳市钱爸爸电子商务有限公司;钱爸爸
1ab96f73,0,
1dd4ab6a,0,
04282206,0,
9d2173bc,0,
0345e61f,1,钱吧
9a4cb7a5,1,资易贷（北京）金融信息服务有限公司;小资钱包
7df49aa2,0,
0af3aa34,0,
6a3423d1,1,易捷;摩尔龙;宜贷网
6d59e7c8,0,
835786e4,0,
f450b672,0,
64efabe3,1,摩尔龙;宜贷网
13e89b75,0,
d1953c6f,1,小资钱包;资易贷金融信息服务有限公司
3f9b5d43,1,小资钱包;资易贷
a1ffc8e0,1,小资钱包;小资钱包公司(资易贷平台)
d6f8f876,1,小资钱包;资易贷
38f6995a,0,
c88e0d2e,1,国光大集团;杭州君享金融;浙江光大发展总公司;亿好金服
51875c94,1,联璧金融
26806c02,1,联璧金融;永利宝
56ea988d,1,理财邦
21eda81b,1,唐小僧
b152b58a,1,小资钱包;资易贷(北京)金融信息服务有限公司
c655851c,0,
94a46e7b,1,摩尔龙;成都易捷公司;宜贷网
e3a35eed,0,
7aaa0f57,1,和耕传承基金销售有限公司;360金融;和耕传承基金;北京奇步天下科技有限公司
0dad3fc1,1,小资钱包;资易贷
7dc7cb4e,1,小资钱包
0ac0fbd8,0,
9a7fe649,1,冠群驰骋;世华惠;盈利兑
ed78d6df,0,
63b13e16,1,北方兴业财富
14b60e80,1,摩尔龙;宜贷网
8ad29b23,0,
fdd5abb5,1,五行币
13dbca99,1,钱宝网
b5f9f96b,1,联璧金融;斐讯
c5930de4,1,天津源丰财富生活网络信息服务有限公司;e周行;天津渤海创投集团
b2943d72,0,
2b9d6cc8,1,冠群驰骋;冠e通
5c9a5c5e,0,
bb227159,0,
dc883ca5,0,
45816d1f,0,
f0c8ab7f,1,华澳新桥集团;北京华澳融信（余盆网）
f7a56f66,1,小资钱包
19ab0e4a,1,资易贷（北京）金融信息服务有限公司;小资钱包;资易贷
6eac3edc,0,
891413db,1,小资钱包;恒丰银行;资易贷
e9d39a3e,1,小资钱包;易资贷;资易贷
07ddfb12,1,摩尔龙;宜贷网
70dacb84,1,小资钱包;资易贷
77b70f9d,1,资易贷（北京）金融信息服务有限公司;小资钱包
e708120c,0,
900f229a,1,金融集团
6e4b86f1,1,上海中赢金融信息服务有限公司
194cb667,0,
1e21727e,1,中金汇通
60900ec3,0,
7750b7b0,1,小资钱包
00578726,0,
995ed69c,1,资易贷（北京）金融信息服务有限公司;小资钱包
9e331285,1,资易贷（北京）金融信息服务有限公司;小资钱包
e9342213,0,
0e8c0f14,1,秒钱
a75066ce,0,
d0575658,0,
3e593774,1,华金融;永利宝;钱爸爸
be4b578f,1,小资钱包;恒丰银行
504536a3,1,小资钱包;资易贷
ce21a300,0,
5728f2ba,1,廣角财富;FAX6000;众益;智云;智云金融;创惠
202fc22c,0,
b090dfbd,1,小资钱包;北京资易贷公司（小资钱包平台）;北京正聚源公司
9566044c,1,摩尔龙;宜贷网
e26134da,0,
0c6f55f6,1,深圳市智融财富电商投资有限公司;财富现;智融财富
fb7a059b,1,e租宝;泛亚有色金属交易所
62735421,0,
157464b7,1,钱宝网
fc17c182,1,海象理财
651e9038,0,
c33ca3ca,0,
b43b935c,1,健康猫;资本家
2d32c2e6,1,麒麟金融集团有限公司
b3565745,1,小资钱包;资易贷
5d583669,0,
bae01b6e,1,亚投财富
3429f3a7,1,和诚德在线
334437be,0,
44430728,1,钱宝网
a3fb2a2f,1,上海易贷网;上海复毅投资管理中心有限公司;国丰达（广州）股权投资基金有限公司;宜贷网;上海易贷网金融信息服务有限公司
816035c7,0,
6f6e54eb,0,
ffd1497a,0,
88d679ec,0,
9f16c09f,1,红岭创投
7118a1b3,0,
ef7c3410,1,普银币
e6ca783b,0,
91cd48ad,1,小资钱包;恒丰银行
6f89ecc6,0,
f680bd7c,1,中佳易购
68e428df,0,
86ea49f3,1,摩尔龙;成都易捷公司;宜贷网
f1ed7965,0,
615264f4,0,
16555462,1,昆明泛亚有色金属交易所股份有限公司;昆明泛亚有色
7692dd87,1,北京资易贷金融信息服务有限公司;小资钱包
ef9b8c3d,0,
71ff199e,1,杭州优杨投资管理有限公司;佑米金融
06f82908,0,
9ff178b2,0,
e8f64824,1,联璧金融;唐小僧
0f4e6523,1,e周行
d211e801,1,沈阳海佛兴民投资有限公司;海佛金融
4b18b9bb,1,兴业投资
d57c2c18,0,
3b724d34,1,小资钱包;资易贷
dcca6033,0,
cb0ad940,0,
520388fa,1,i财富;深圳前海大福资本管理有限公司
2504b86c,0,
bb602dcf,1,钱宝网
cc671d59,0,
556e4ce3,1,小资钱包;资易贷(北京)金融信息服务有限公司;资易贷
c5d15172,0,
9720ba15,1,众邦银行;甜菜金融;天丰天财（武汉）金融信息服务有限公司
792edb39,1,轻纺城金融
0e29ebaf,0,
8e3b8b54,1,小资钱包;恒丰银行
f93cbbc2,0,
6035ea78,0,
1732daee,0,
89564f4d,1,小资钱包;资易贷
fe517fdb,1,旺旺贷
105f1ef7,1,玖玖金融;光彩玖玖
80e00366,0,
f7e733f0,1,海象理财;复华
2f747cbf,1,百度金融
cfa195a1,1,仟金所;新博贷
b8a6a537,1,资易贷（北京）金融信息服务有限公司;小资钱包
d8612cd2,1,健康猫
366f4dfe,0,
df0ce8cb,1,中吴财富;上海中吴财富投资管理集团有限公司
4605b971,0,
d6baa4e0,1,悦花越有
844b4f87,0,
1d421e3d,0,
f421bb08,1,小资钱包
83268b9e,0,
1a2fda24,0,
6d28eab2,1,小资钱包;资易贷
fd97f723,1,华夏信财
8a90c7b5,0,
ea574e50,1,易捷金融;宜贷网
9d507ec6,0,
04592f7c,1,小资钱包;恒丰银行;资易贷
735e1fea,1,小资钱包
0334eb65,1,资易贷（北京）金融信息服务有限公司;小资钱包
e48cc662,1,钱宝网
83c133b3,0,
f4c60325,1,玖富
6aa29686,1,杭州米家投资管理有限公司;钱宝财
84acf7aa,1,联璧金融
f3abc73c,0,
74d463de,1,上海易贷网金融信息公司（宜贷网）;宜贷网
03d35348,1,联璧金融;上海联璧电子科技（集团）有限公司
9ada02f2,0,
eddd3264,1,长沙否极商务咨询有限公司合肥分公司;小资钱包;北京正聚源通鼎信用管理有限公司
73b9a7c7,1,钱宝网
9db7c6eb,0,
0d08db7a,0,
d3d38236,0,
4adad38c,0,
a3b976b9,0,
d4be462f,0,
aa0f3a92,1,小资钱包;资易贷金融信息服务有限公司
bdcf83e1,1,来存吧
cac8b377,0,
53c1e2cd,1,钱宝网
baa247f8,1,沃时贷
cda5776e,0,
54ac26d4,1,北京资易贷金融信息服务有限公司;小资钱包
23ab1642,1,小资钱包;资易贷
78ecb10e,1,易捷金融;宜贷网
e68824ad,0,
08864581,1,信和大金融
ef3e6886,1,小资钱包;????小资钱包
8ff9e163,1,玖财通
f8fed1f5,1,联金所;壹佰金融;东方银座
61f7804f,1,广西弘尚节节贷网络信息服务集团有限公司;节节贷
16f0b0d9,1,四川华澳新桥集团;北京华澳翼时代;余盆网;北京华澳翼时代信息技术有限责任公司;北京华澳融信国际投资管理咨询有限公司
8894257a,1,小资钱包;资易贷
ff9315ec,0,
669a4456,1,陕西金辉投资管理有限公司;山东肯雅隆股权投资基金管理有限公司
81226951,0,
b7bf4732,0,
2eb61688,0,
d9a346e5,0,
37ad27c9,0,
40aa175f,0,
a07ffe41,0,
1c80740a,1,海象理财
f5e3d13f,0,
1bedb013,1,小资钱包;资易贷
6cea8085,1,小资钱包;资易贷
8b52ad82,1,大时贷;深圳市大时代资产管理有限公司
eb952467,1,速贷宝
9c9214f1,1,摩尔龙;宜贷网
059b454b,1,摩尔龙公司;成都易捷公司;宜贷网
f269ad0b,0,
62d6b09a,1,陆金所;重庆惠民金融服务公司
727bcdf0,1,石头理财
7bcd81db,1,领鲜金融;可可贷;财蜂发迹树;乐金所;深圳市财蜂金融任职股份有限公司;上海有昊国际生意有限公司;好车金融
0ccab14d,0,
d69c94b3,1,钱宝网
3892f59f,0,
48f80110,1,钱宝网
af402c17,1,摩尔龙;宜贷网
cf87a5f2,0,
bfed517d,1,易捷金融;宜贷网
51e33051,0,
b65b1d56,1,小资钱包;恒丰银行
c15c2dc0,0,
7da3a78b,1,钱宝网
7ace6392,1,黄金佳
9d764e95,1,宁波日融财富投资管理有限公司
ea717e03,0,
8ab6f7e6,0,
fdb1c770,1,懒财网
64b896ca,0,
13bfa65c,0,
63d552d3,1,众金所;钱端;深圳招行
846d7fd4,1,宜贷网
c5f76121,1,联璧金融
c29aa538,0,
b59d95ae,1,小资钱包;恒丰银行;资易贷
2c94c414,1,小资钱包;恒丰银行;资易贷
bc2bd985,1,赛伯乐投资
abeb60f6,0,
db819479,0,
358ff555,1,小资钱包;北京资易贷
4288c5c3,0,
d237d852,1,资易贷（北京）金融信息服务有限公司;小资钱包
a530e8c4,1,资易贷（北京）信息金融服务有限公司;小资钱包
19cf628f,1,小资钱包;资易贷金融信息服务有限公司
6ec85219,1,黄金佳
87abf72c,1,资易贷（北京）金融信息服务有限公司;小资钱包
1ea2a696,1,陆金所;旺金所
69a59600,1,钱宝网
eeda32e2,0,
00d453ce,0,
77d36358,1,北京海象理财
e9b7f6fb,1,资易贷（北京）金融信息服务有限公司;小资钱包
9eb0c66d,0,
70bea741,1,光汇云油;光汇石油
97068a46,0,
f04b7f97,0,
6e2fea34,1,资易贷（北京）金融信息服务有限公司;小资钱包
1928daa2,0,
109e9689,0,
075e2ffa,0,
9e577e40,1,信和大金融
0033ebe3,1,联璧金融
ee3d8acf,1,钱宝网
7e82975e,1,资易贷（北京）金融信息服务有限公司;小资钱包
0985a7c8,1,广裕贷;江西德轩信息科技有限公司;吉安市青原粮食收储公司;北京大刚信息科技股份有限公司;元宝365
39509fa8,1,多米金融
d0333a9d,0,
493a6b27,1,零钱罐APP;稳通金融;零钱罐
3e3d5bb1,0,
ae824620,1,小资钱包
ce45cfc5,0,
574c9e7f,1,联璧金融
50215a66,0,
27266af0,1,小资钱包;恒丰银行;资易贷
c09e47f7,1,弹钱吧;金枣金融
0b66fd2a,0,
95026889,1,五千年文博园
e205581f,1,众金所;钱端;深圳招行
0c0b3933,0,
8c1959c8,0,
15100872,0,
85af15e3,1,普银币;深圳普银区块链集团有限公司
b3323b80,0,
2a3b6a3a,1,上海易贷网金融信息公司;易贷网;宜贷网
bde9b3b2,1,北京资易贷金融信息服务有限公司;小资钱包
44276bed,0,
da43fe4e,1,海象理财
434aaff4,0,
d3f5b265,1,小资钱包;恒丰银行;资易贷
f6036994,0,
81045902,1,昆明泛亚有色金属交易所;e租宝
180d08b8,0,
f8d8e1a6,1,杭州投资;路仪投资;厚厚财富;峇峇金服;隆御在;健坤投资
ef1858d5,1,资易贷（北京）金融信息服务有限公司;小资钱包
e8759ccc,1,资易贷（北京）信息金融服务有限公司;小资钱包;北京正聚源通鼎公司;易贷金融
9f72ac5a,1,友友贷
717ccd76,0,
1f87748c,0,
18eab095,1,联璧金融;斐讯;北京银行
f6e4d1b9,0,
665bcc28,1,Ｅ镑客;诺诺镑客名校贷
115cfcbe,1,小资钱包;资易贷
e89224e1,0,
01f181d4,1,浦发银行
98f8d06e,1,小资钱包;资易贷
0847cdff,0,
d51840dd,1,北银创投
a572b452,1,招商银行;众金所;钱端
4b7cd57e,0,
3c7be5e8,1,小资钱包;恒丰银行;北京正聚源通鼎公司
acc4f879,1,钱宝网
dbc3c8ef,1,小资钱包;资易贷(北京）金融信息有限公司
550a2026,0,
bc698513,1,小资钱包;资易贷
09204373,1,联璧金融
e043e646,1,联璧金融
794ab7fc,1,小资钱包;北京正聚源通鼎公司;(北京)资易贷金融信息服务有限公司;????小资钱包
9ef29afb,1,POS机;中融民信资本管理有限公司
e9f5aa6d,1,甜菜金融;天丰天财（武汉）金融信息服务有限公司
89322388,0,
8e5fe791,1,rigfx
f958d707,1,易捷公司;摩尔龙;宜贷网
605186bd,0,
1756b62b,1,摩尔龙;宜贷网
c673b54f,1,小资钱包;北京资易贷
c11e7156,1,冠群驰骋;冠e通平台
b61941c0,0,
581720ec,1,松心惠
c8a83d7d,0,
bfaf0deb,0,
df68840e,0,
a86fb498,1,合众e贷财富;神舟好易贷
af027081,0,
1a4bb6e1,0,
6d4c8677,1,米袋
842f2342,0,
6a21426e,0,
8d996f69,1,钱宝网
ed5ee68c,0,
9a59d61a,1,易商通
733a732f,1,钱宝网
e3856ebe,1,小资钱包;资易贷;易贷金融
1dc1cad5,1,小资钱包;资易贷
f3cfabf9,0,
6dab3e5a,1,昆明泛亚有色金属交易所;e租宝
641d7271,0,
73ddcb02,0,
9dd3aa2e,0,
ead49ab8,1,易捷金融;宜贷网
74b00f1b,1,冠群驰聘;冠群驰骋
03b73f8d,1,小资钱包;资易贷（北京）金融服务有限公司;资易贷
9abe6e37,0,
edb95ea1,0,
7d064330,1,钱宝网
a3dd1a7c,1,陕西金辉投资管理有限公司;山东肯雅隆股权投资基金管理有限公司
4dd37b50,0,
3ad44bc6,0,
d3b7eef3,0,
4abebf49,0,
3db98fdf,0,
ad06924e,0,
da01a2d8,0,
bac62b3d,1,励国金融
cdc11bab,0,
54c84a11,1,易贷网;宜贷网
bdabef24,1,易贷通;滴滴
c31a9399,0,
7fe519d2,0,
e1818c71,0,
66fe2893,1,钱宝网
8f9d8da6,1,凤凰彩票;同城投
1694dc1c,0,
b0b6efee,1,广东新佳联投资管理有限公司
29bfbe54,0,
2ed27a4d,1,众金所;钱端;招行
c96a574a,1,钱宝网
be6d67dc,0,
a9addeaf,1,联璧金融;北京银行
30a48f15,1,资易贷（北京）金融信息服务有限公司;小资钱包
d9c72a20,0,
aec01ab6,1,安徽微逛电子商务有限公司
37c94b0c,1,摩尔龙;成都易捷公司;????宜贷网
d071660b,0,
a776569d,0,
f587bdfa,1,小资钱包;恒丰银行
6c8eec40,0,
85ed4975,0,
1ce418cf,1,北极星;湖南红太阳电源新材料股份有限公司;红太阳
fb5c35c8,1,理财邦
ec9c8cbb,1,资易贷（北京）金融信息服务有限公司;小资钱包;资易贷
9b9bbc2d,0,
0292ed97,0,
7595dd01,0,
72f81918,0,
e2470489,0,
850af158,1,华夏信财
65df1846,1,金贝猫
721fa135,1,易捷金融;宜贷网
9c11c019,1,陨石地带
eb16f08f,0,
9b7c0400,1,资易贷（北京）金融信息服务有限公司;小资钱包
7cc42907,0,
0bc31991,1,工银金融;众可贷
df866dd7,0,
31880cfb,0,
afec9958,1,小资钱包;(北京)资易贷金融信息服务有限公司
d8eba9ce,1,金筑财富;上饶银行;贵洲银行
36e5c8e2,1,小资钱包;资易贷
d15de5e5,0,
c69d5c96,1,北京资易贷金融信息服务有限公司;小资钱包
5f940d2c,1,香港联兴金融控股集团有限公司
b6f7a819,1,小资钱包;恒丰银行;资易贷
c1f0988f,1,摩尔龙;宜贷网
58f9c935,0,
edb00f55,0,
74b95eef,0,
03be6e79,1,北京资易贷金融信息服务有限公司;小资钱包
9ddafbda,1,人人公益
73d49af6,1,尊享
946cb7f1,1,金海贷
1aa55f38,1,fcoin
1dc89b21,1,资易贷（北京）金融信息服务有限公司;小资钱包
8d7786b0,1,小资钱包;北京正聚源通鼎公司;(北京)资易贷金融信息服务有限公司
22e3f969,0,
55e4c9ff,0,
cb805c5c,0,
52890de6,1,联璧金融;斐讯;北京银行;京东;松江
b53120e1,1,摩尔龙;宜贷网
a2f19992,0,
d29b6d1d,1,辽宁贷财行;深圳荧兴源公司
a59c5d8b,0,
4b923ca7,1,上海银行
ac2a11a0,1,小资钱包;(北京)资易贷金融信息服务有限公司
fedbfac7,1,资易贷（北京）金融信息服务有限公司;小资钱包
10d59beb,1,聚财猫
67d2ab7d,0,
8eb10e48,1,资易贷（北京）金融信息服务有限公司;小资钱包
17b85ff2,1,小资钱包;资易贷
f00072f5,0,
87074263,1,河北滨海大宗商品交易市场服务有限公司
79a45e25,1,资易贷（北京）金融信息服务有限公司;小资钱包
9e1c7322,1,资易贷（北京）金融信息服务有限公司;小资钱包
8e56b665,1,盈在线上
f95186f3,0,
67351350,1,小资钱包;恒丰银行
103223c6,1,易捷金融;宜贷网
fe3c42ea,0,
19846fed,1,资易贷（北京）金融信息服务有限公司;小资钱包
7943e608,0,
0e44d69e,1,爱投资
e04ab7b2,1,易贷网;宜贷网
09291287,1,小资钱包;恒丰银行;资易贷
e72773ab,1,易捷金融;宜贷网
009f5eac,1,钱端;招行
a9433776,0,
de4407e0,1,小资钱包;资易贷;太易资本
474d565a,0,
ae2ef36f,0,
d929c3f9,0,
40209243,1,小资钱包;北京资易贷
3727a2d5,0,
a798bf44,0,
d09f8fd2,1,e租宝
c75f36a1,1,小资钱包;恒丰银行;北京正聚源通鼎信用管理有限公司
be838e05,0,
c984be93,1,小资钱包;资易贷;正聚源通鼎公司;海淀资易贷平台
ec726562,1,联璧金融;斐讯
027c044e,1,小资钱包;易资贷;资易贷
9c1891ed,0,
0511c057,0,
95aeddc6,0,
f5695423,1,资易贷（北京）金融信息服务有限公司;小资钱包
f204903a,0,
6b0dc180,1,以太坊
1c0af116,1,小资钱包;(北京)资易贷金融信息服务有限公司
8cb5ec87,0,
cd2ff272,1,资易贷（北京）金融信息服务有限公司;小资钱包
ba28c2e4,1,贝格富;长红配资
5426a3c8,0,
bd4506fd,0,
244c5747,1,????小资钱包
534b67d1,0,
c3f47a40,0,
d434c333,1,钱宝网
4d3d9289,1,小资钱包;资易贷
a45e37bc,1,小资钱包;资易贷
3d576606,1,盛泰
4a505690,0,
daef4b01,0,
617d0553,1,资易贷（北京）金融信息服务有限公司;小资钱包;恒丰银行
91059127,1,北京资易贷金融信息服务有限公司;小资钱包
080cc09d,1,两只老虎;两只老虎理财
7f0bf00b,0,
e16f65a8,0,
78663412,0,
8f94dc52,1,小资钱包;????小资钱包
f893ecc4,1,悦花越有
11f049f1,0,
fffe28dd,1,黑火金融
6f41354c,1,安创理财
0f86bca9,0,
e188dd85,0,
7fec4826,1,小资钱包;恒丰银行;北京正聚源通鼎信用管理有限公司
91e2290a,1,小资钱包;资易贷
015d349b,1,资易贷（北京）金融信息服务有限公司;小资钱包
1e2e6b9c,1,小资钱包;恒丰银行
f0200ab0,0,
1943af85,0,
f74dcea9,0,
67f2d338,1,资易贷（北京）金融信息服务有限公司;小资钱包
70326a4b,0,
e93b3bf1,0,
9e3c0b67,0,
00589ec4,0,
775fae52,1,火币交易所;火币
ee56ffe8,1,小资钱包;资易贷
9951cf7e,1,深圳万惠金融服务有限公司;网络贷;及贷
7ee9e279,1,北京海象理财
2b75cd07,1,众邦银行;甜菜金融
b27c9cbd,0,
55c4b1ba,0,
3503385f,1,金融桥
420408c9,0,
db0d5973,1,小资钱包;恒丰银行
ab67adfc,1,摩尔龙公司;成都易捷公司;宜贷网
0d459e0e,0,
039e163c,0,
63599fd9,1,信和大金融
145eaf4f,1,成都易捷金融;上海宜贷网
8d57fef5,1,e周行;渤海创投
fa50ce63,1,聚财猫;小资钱包;恒丰银行;北京银行;包商银行;????恒丰银行
64345bc0,1,友友贷
8a3a3aec,1,小资钱包;资易贷;正聚源通鼎公司
6d8217eb,0,
4874cc1a,1,百度金融
a67aad36,1,e租宝;金谷财行;国商金融
d17d9da0,1,小资钱包;恒丰银行;资易贷(小资钱包）
d61059b9,1,新贷联盟
31a874be,1,聚财猫;北京银行
2668cdcd,1,京东;财付通
bf619c77,1,中国软银;摩尔龙;宜贷网
c866ace1,0,
210509d4,1,汇瑞财富
b80c586e,1,钱宝网
cf0b68f8,0,
a1f0d102,1,小资钱包;资易贷
38f980b8,1,小鸣单车
4ffeb02e,0,
d19a258d,0,
48937437,1,联璧金融;唐小僧;雅堂金融;钱宝
cfecd0d5,0,
c88114cc,1,小资钱包;恒丰银行
bf86245a,0,
c13758e7,0,
86e55011,1,川惠财富
6f86f524,0,
f68fa49e,1,北京资易贷金融信息服务有限公司;小资钱包
81889408,0,
6630b90f,1,小资钱包
9ffe6150,0,
769dc465,0,
ef9495df,0,
9893a549,0,
082cb8d8,1,小资钱包;资易贷金融信息服务有限公司
5add53bf,1,小资钱包;资易贷
b4d33293,1,联璧金融
5db097a6,1,小资钱包;恒丰银行
c4b9c61c,1,江苏联宝订单信息科技发展有限公司
b3bef68a,0,
dacf3344,0,
adc803d2,1,资易贷（北京）金融信息服务有限公司;小资钱包
e2899515,0,
0bea3020,0,
92e3619a,0,
e5e4510c,1,联璧金融;斐讯;京东;联璧
025c7c0b,0,
629bf5ee,1,民民贷宜人贷;红岭创投
159cc578,1,江苏绿能宝融资租赁有限公司
65f631f7,0,
fcff604d,1,小资钱包;(北京)资易贷金融信息服务有限公司
49b6a62d,0,
3eb196bb,1,资易贷（北京）金融信息服务有限公司;小资钱包
a0d50318,1,小资钱包
d7d2338e,0,
476d2e1f,1,资易贷（北京）金融信息服务有限公司;小资钱包;恒丰银行
27aaa7fa,0,
bea3f640,1,唐小僧;金蛐蛐
c9a4c6d6,1,票据宝
29712fc8,1,i财富;联璧金融;斐讯极路由
d7358ba3,0,
a032bb35,1,前海航交所;钜系列;钜稳赢;超爱财;海钜信达
393bea8f,0,
4e3cda19,0,
49511e00,0,
aee93307,1,资易贷（北京）金融信息服务有限公司;小资钱包
b9298a74,1,小资钱包;资易贷
c9437efb,1,小资钱包;恒丰银行;资易贷(小资钱包）
c0f532d0,1,小资钱包
b7f20246,1,酷盈网
6aad8f64,0,
f3a4dede,1,钱宝网
84a3ee48,1,钱海湾;钱海湾金融公司
1ac77beb,1,小资钱包;资易贷（北京）金融服务有限公司;资易贷
6dc04b7d,0,
f4c91ac7,0,
83ce2a51,1,信和大金融
137137c0,0,
73b6be25,1,聚财猫;北京银行;上海招商
9db8df09,0,
edd22b86,1,摩尔龙;宜贷网
0a6a0681,0,
589bede6,1,资易贷（北京）金融信息服务有限公司;小资钱包
5ff629ff,1,摩尔龙;宜贷网
21475542,1,小资钱包;资易贷金融信息服务有限公司
564065d4,0,
4180dca7,1,小资钱包;资易贷
46ed18be,0,
dfe44904,1,小资钱包;资易贷
a8e37992,0,
385c6403,1,利利金服
0ec14a60,1,京圆柚;中青网投;聚富蛙;浙江青柠网络科技有限公司;佑米金融;利得行
e0cf2b4c,0,
90a5dfc3,0,
771df2c4,1,摩尔龙;宜贷网
60dd4bb7,1,海象理财;复华
17da7b21,0,
67b08fae,1,钱秘书;前金所;钱眼金融
10b7bf38,1,联璧金融;唐小僧;雅堂金融;钱宝
a5fe7958,0,
a293bd41,1,贝格富
452b9046,0,
52eb2935,1,健康猫
cc8fbc96,1,摩尔龙;宜拜;宜小钱;易捷金融;宜贷网
5c30a107,1,票据宝
2b379191,0,
d57335fa,1,森昊好时贷
a274056c,1,联璧金融;斐讯;苏宁易购
3b7d54d6,1,资易贷（北京）金融信息服务有限公司;小资钱包
4b17a059,1,小资钱包;资易贷
dba8bdc8,0,
cb05c0a2,1,小资钱包;北京正聚源通鼎公司;资易贷
bc02f034,1,tbc（海湾资本）澳大利亚asic
520c9118,1,ppmoney
c2b38c89,0,
f266b4e9,0,
1b0511dc,0,
6c02214a,1,摩尔龙;宜贷网
f50b70f0,1,小资钱包;恒丰银行
12b35df7,1,小资钱包;资易贷金融信息服务有限公司
65b46d61,1,摩尔龙;宜贷网
7274d412,0,
eb7d85a8,1,天津渤海商品交易所
021e209d,0,
7519100b,1,fomo3d
7caf5c20,1,壹佰金融
2e5eb747,1,小资钱包;资易贷
c050d66b,1,小资钱包;恒丰银行
c73d1272,0,
de262333,0,
a92113a5,1,小资钱包;资易贷金融信息服务有限公司
4e993ea2,0,
780410c1,1,银谷财产;富源美容美发;中艺财产;银易贷;派派金;环球汇金服;德成贷;信和财产
0f032057,1,钱宝网
960a71ed,1,乐富支付
086ee44e,1,小资钱包;恒丰银行;资易贷
16181116,0,
f816703a,1,小资钱包;恒丰银行
6672e599,0,
1175d50f,1,恒骏国际
887c84b5,0,
ff7bb423,0,
4a327243,0,
3d3542d5,1,小资钱包;恒丰银行;资易贷
d33b23f9,1,资易贷（北京）金融信息服务有限公司;小资钱包
3a5886cc,0,
53294302,1,鼎金国际
242e7394,1,摩尔龙;易捷金融;宜贷网
ca2012b8,1,易捷金融;宜贷网
2343b78d,0,
ba4ae637,1,魔房宝;魔方金服
5df2cb30,1,懒财网;懒财
3abf3ee1,1,京圆柚理财
4db80e77,1,花生投;江西银行
d3dc9bd4,1,冠e通;????冠群驰骋
a4dbab42,1,海象理财
3dd2faf8,0,
4ad5ca6e,1,小资钱包;资易贷
da6ad7ff,1,小资钱包;恒丰银行
ad6de769,0,
cdaa6e8c,1,信托100
23a40fa0,0,
54a33f36,0,
cac7aa95,0,
53cefb2f,1,宜贷网
1927c340,1,隆盈天下
6e20f3d6,1,冠群驰聘;冠群驰骋;冠e通;冠群驰骋商务信息咨询（天津）有限公司
f729a26c,0,
1e4a0759,1,资易贷（北京）金融信息服务有限公司;小资钱包
874356e3,0,
17fc4b72,1,联璧金融;上海联璧电子科技（集团）有限公司
003cf201,1,贝格富;长红配资;忆融速配
773bc297,0,
ee32932d,0,
9935a3bb,1,联金所
7056068e,1,易捷金融;宜贷网
e95f5734,0,
9e5867a2,0,
2b11a1c2,0,
5b7b554d,0,
b5753461,1,小资钱包
25ca29f0,0,
320a9083,0,
450da015,0,
ab03c139,1,小资钱包;资易贷
3567549a,1,李诗琴
db6935b6,1,宜贷网
4bd62827,1,三岛中融
7d4b0644,0,
93456768,1,小资钱包;恒丰银行
e44257fe,0,
0d21f2cb,1,新华财富
e32f93e7,1,e租宝;泛亚有色金属交易所
64503705,0,
13570793,0,
fa34a2a6,1,北京资易贷金融信息服务有限公司;小资钱包
1d8c8fa1,0,
387a5450,0,
d674357c,0,
a61ec1f3,1,信和大金融;信合大金融
d119f165,0,
36a1dc62,1,唐小僧
21616511,1,小资钱包
b86834ab,1,易捷金融;宜贷网
cf6f043d,1,小资钱包
d1fe4948,0,
a6f979de,0,
3ff02864,0,
48f718f2,1,小资钱包;恒丰银行
d6938d51,0,
df25c17a,0,
a822f1ec,1,联金所康;壹佰金融
2186dd3c,1,卡卡贷;微粒贷
5681edaa,1,壹佰金融
c63ef03b,0,
f6ebc85b,1,小资钱包;北京资易贷
1f886d6e,1,摩尔龙;成都易捷公司;宜贷网
688f5df8,1,人人公益
613911d3,0,
01fe9836,1,米咖网;中金贷
76f9a8a0,1,汇聚财富
eff0f91a,0,
98f7c98c,1,小资钱包;北京正聚源通鼎公司;(北京)资易贷金融信息服务有限公司
9f9a0d95,1,小资钱包;恒丰银行
2ad3cbf5,1,远程金服
5dd4fb63,1,小资钱包;资易贷
b3da9a4f,1,资易贷（北京）金融信息服务有限公司;小资钱包;恒丰银行;资易贷
5ab93f7a,1,资易贷（北京）金融信息服务有限公司;小资钱包
c3b06ec0,1,光彩玖玖;远达财富
240843c7,0,
530f7351,0,
33c8fab4,0,
aac1ab0e,0,
34a53ead,1,资易贷（北京）金融信息服务有限公司;小资钱包
adac6f17,0,
4a144210,0,
0b8e5ce5,0,
e5803dc9,0,
95eac946,1,小资钱包;恒丰银行
e2edf9d0,1,小资钱包;资易贷;北京正聚源公司
7252e441,0,
0555d4d7,1,小资钱包;恒丰银行
12956da4,0,
8b9c3c1e,1,北京易商通科技股份有限公司
62ff992b,0,
15f8a9bd,1,资易贷（北京）金融信息服务有限公司;小资钱包
8cf1f807,1,东兴证券
1c4ee596,0,
4ebf0ef1,0,
39b83e67,1,小资钱包;资易贷
d7b65f4b,1,海象理财
49d2cae8,0,
d0db9b52,1,资易贷（北京）金融信息服务有限公司;小资钱包
3763b655,1,资易贷（北京）信息金融服务有限公司;小资钱包
27cecb3f,1,陆金所;平安普惠;宜贷网
d03c237f,0,
3e324253,1,小资钱包
a056d7f0,0,
395f864a,1,深圳市钱爸爸电子商务有限公司;钱爸爸
c927123e,0,
be2022a8,1,易捷金融;宜贷网
502e4384,1,北京易商通科技股份有限公司
b94de6b1,0,
2044b70b,1,徽州贷
5743879d,0,
6da427b8,0,
83aa4694,1,上海联璧电子科技（集团）有限公司
6ac9e3a1,0,
637faf8a,0,
03b8266f,1,小资钱包;恒丰银行
04d5e276,1,成都易捷;摩尔龙;宜贷网
5f92453a,1,中吴财富;上海中吴财富投资管理集团有限公司
c69b1480,1,极路由
2ff8b1b5,1,小资钱包;恒丰银行;资易贷
c1f6d099,1,海象理财
b6f1e00f,1,宜贷网
264efd9e,1,小资钱包
3f55ccdf,1,黄金佳
7ecfd22a,0,
09c8e2bc,1,华阳金融;宜贷网
90c1b306,1,资易贷（北京）金融信息服务有限公司;小资钱包;资易贷
79a21633,0,
0ea526a5,0,
97ac771f,1,小宝金融
e0ab4789,0,
89da8247,0,
8eb7465e,1,小资钱包;资易贷
f9b076c8,1,摩尔龙;宜贷网
690f6b59,1,以投资;口贷网;易投资（上海）
1e085bcf,1,红岭创投;投资宝
4b9474b1,1,摩尔龙公司;成都易捷公司;宜贷网
a59a159d,0,
4222389a,0,
22e5b17f,1,小资钱包
528f45f0,1,创世九州
5b3909db,1,币安
2c3e394d,1,易捷金融;宜贷网
a57dadb0,0,
4b73cc9c,1,以太坊
d517593f,1,摩尔龙;宜贷网
a21069a9,1,海象理财
bc669cf1,1,小资钱包;恒丰银行;北京正聚源通鼎信用管理有限公司
256fcd4b,1,摩尔龙;宜贷网
550539c4,0,
6c664d8f,1,随行付支付有限公司
f56f1c35,1,摩尔龙公司;成都易捷公司;宜贷网
757d7cce,1,红岭创投
9b731de2,0,
9c1ed9fb,1,小资钱包;资易贷
5e502f0d,1,才米公社;夸客金融
b05e4e21,1,摩尔龙;宜贷网
2e3adb82,1,联璧金融;斐讯
b7338a38,0,
278c97a9,0,
304c2eda,1,隆盈天下;云联惠
a9457f60,1,小资钱包;资易贷金融信息服务有限公司;北京正聚源通鼎公司
3721eac3,1,聚财猫;现金贷
4026da55,1,壹佰金融
ae28bb79,1,小资钱包;资易贷金融信息服务有限公司
7f0db81d,1,资易贷（北京）金融信息服务有限公司;小资钱包;易贷金融
080a888b,1,资易贷（北京）信息金融服务有限公司;小资钱包;北京正聚源通鼎公司;易贷金融
78607c04,1,北京资易贷信息金融服务有限公司;小资钱包;北京正聚源通鼎公司;易贷金融
71d6302f,1,红岭创投;投资宝
f8721cff,0,
68cd016e,0,
1fca31f8,1,摩尔龙;易贷网;宜贷网
4d3bda9f,1,泛亚有色金属交易所
3a3cea09,0,
d4328b25,0,
d35f4f3c,0,
43e052ad,0,
2327db48,0,
ba2e8af2,0,
cd29ba64,1,易捷金融;宜贷网
534d2fc7,1,鲁信创投;山东科创投资;高新投
ca447e7d,1,易捷;摩尔龙;宜贷网
5afb63ec,0,
2dfc537a,1,小资钱包;资易贷
d3b8f711,0,
3db6963d,1,资易贷（北京）金融信息服务有限公司;小资钱包
d4d53308,0,
a3d2039e,1,小资钱包;资易贷
3adb5224,0,
4ddc62b2,1,摩尔龙;成都易捷公司;宜贷网
caa3c650,1,卡卡贷;钱站
bda4f6c6,0,
24ada77c,0,
53aa97ea,1,悦天使
bac932df,1,资易贷（北京）金融信息服务有限公司;小资钱包
23c06365,0,
c4784e62,1,钱宝网
09260b65,1,广州市恒隆小额贷款有限公司
e7286a49,1,钱宝网
902f5adf,1,资易贷（北京）金融信息服务有限公司;小资钱包
e045ae50,1,摩尔龙;宜贷网
70fab3c1,0,
550c6830,1,摩尔龙公司;成都易捷公司;宜贷网
cc05398a,1,资易贷（北京）金融信息服务有限公司;小资钱包;恒丰银行
bb02091c,1,小资钱包;资易贷
25669cbf,0,
5bd7e002,1,金交所;修正药业;????宜湃网;宜贷网
3b1069e7,0,
4c175971,1,雅堂金融
d51e08cb,0,
a219385d,0,
a574fc44,1,沃客理财;理财通
42ccd143,1,联创财富
7451ff20,0,
0356cfb6,0,
ed58ae9a,0,
733c3b39,0,
043b0baf,1,天津源丰财富生活网络信息服务有限公司;e周行;天津渤海创投集团
ea356a83,0,
7a8a7712,1,易贷网;宜贷网
0d8d4784,1,小资钱包;恒丰银行
6d4ace61,1,易贷网金融信息服务有限公司;宜贷网
1a4dfef7,0,
8344af4d,1,小资钱包;恒丰银行;资易贷
f32e5bc2,1,小资钱包;资易贷（北京）金融信息服务有限公司旗
46679da2,1,资易贷（北京）金融信息服务有限公司;小资钱包
410a59bb,0,
360d692d,0,
d8030801,1,讯商国际
3fbb2506,1,资易贷（北京）金融信息服务有限公司;小资钱包
5f7cace3,1,小资钱包;资易贷;易贷金融
287b9c75,1,法巴;汇丰;花旗;美银;大摩
b172cdcf,1,联璧金融;斐讯;京东
c675fd59,1,易捷金融;宜贷网
581168fa,0,
2f16586c,0,
d8e4b02c,1,摩尔龙;宜贷网
afe380ba,1,众金所;钱端;深圳招行
36ead100,1,钱端;网利宝
41ede196,1,小资钱包;资易贷
a88e44a3,1,e租宝;金易融（北京）网络科技有限公司
d63f381e,1,小资钱包;资易贷北京金融信息服务有限公司
a1380888,1,爱定投
c1ff816d,1,小资钱包;恒丰银行;资易贷
b6f8b1fb,1,易捷金融;宜贷网
c6924574,0,
b19575e2,1,联璧金融;e租宝;唐小僧之后
5f9b14ce,0,
b82339c9,1,钱宝网
11ff5013,0,
88f601a9,0,
1692940a,1,小资钱包;资易贷
f89cf526,1,钱宝网
1f24d821,1,MoonBox;月光宝盒
08e46152,0,
788e95dd,1,小资钱包;恒丰银行;资易贷
9680f4f1,0,
063fe960,0,
caaa97a4,0,
2d12baa3,1,天天涨;爱福家;柏拉图;尚赫;LCC;葆婴
3ad203d0,0,
d4dc62fc,1,洋钱罐;拍拍贷;小花
a3db526a,1,摩尔龙;宜贷网
3dbfc7c9,1,华金融;中合华惠农村小额贷款有限公司
4ab8f75f,0,
d3b1a6e5,0,
a4b69673,0,
430ebb74,1,羊老大集团
75939517,0,
9b9df43b,1,摩尔龙;宜贷网
72fe510e,0,
9cf03022,1,旺旺贷
6c88a456,1,小灰熊
1b8f94c0,1,易捷金融;宜贷网
1ce250d9,1,联壁;斐讯
85eb0163,0,
62532c64,1,杭州云端金融信息服务有限公司
15541cf2,0,
a9ab96b9,0,
deaca62f,1,口贷网;京北投资
40c8338c,1,联璧金融;上海联璧电子科技（集团）有限公司
29b9f642,1,成都易捷金融;上海宜贷网
c7b7976e,0,
b7dd63e1,1,上海中赢金融信息服务有限公司
d926da1b,0,
ae21ea8d,0,
3728bb37,0,
a94c2e94,1,小资钱包;资易贷
47424fb8,0,
d7fd5229,0,
b73adbcc,1,乐金所;云回通宝
c7502f43,0,
b0571fd5,0,
5e597ef9,0,
cee66368,1,金融桥
f4fe63b3,0,
8494973c,0,
6a9af610,1,小资钱包;恒丰银行
fa25eb81,0,
74ec0348,1,资易贷（北京）金融信息服务有限公司;小资钱包;恒丰银行
03eb33de,1,小资钱包;恒丰银行
9d8fa67d,0,
ea8896eb,1,联璧金融;联璧电子科技有限公司
7381c751,0,
b1cf31a7,0,
b6a2f5be,1,领投客
c1a5c528,1,钱宝网
bf14b995,0,
a8d400e6,1,摩尔龙;易捷套路贷;易贷网;宜贷网
dfd33070,1,摩尔龙公司;成都易捷公司;宜贷网
31dd515c,0,
afb9c4ff,1,摩尔龙;宜贷网
d8bef469,0,
41b7a5d3,0,
a60f88d4,1,联璧金融;唐小僧
d108b842,0,
7e9cc79b,1,华阳金融办;宜贷网
e0f85238,1,资易贷（北京）金融信息服务有限公司;小资钱包
97ff62ae,0,
79f10382,1,壹佰金融
e94e1e13,0,
9e492e85,0,
898997f6,0,
1080c64c,1,唐小僧
f0552f52,1,小资钱包;(北京)资易贷金融信息服务有限公司
d5a3f4a3,0,
a2a4c435,0,
3bad958f,0,
a5c9002c,1,泛亚有色金属交易所股份有限公司;天浩稀贵金属股份有限公司
ccb8c5e2,1,小资钱包;资易贷
22b6a4ce,1,小资钱包;资易贷;易贷金融
cbd501fb,1,小资钱包;资易贷
52dc5041,1,资易贷（北京）信息金融服务有限公司;小资钱包
c2634dd0,1,小资钱包;恒丰银行;资易贷
b5647d46,1,宜信
4b20d92d,0,
3c27e9bb,1,资易贷（北京）金融信息服务有限公司;小资钱包
a52eb801,1,联合贷
4c4d1d34,0,
3b4a2da2,1,资易贷（北京）金融信息服务有限公司;小资钱包
cb32b9d6,1,易捷金融;宜贷网
22511ce3,1,360金融;和耕传承基金销售有限公司控股;京东金融;耕信息科技有限公司;和耕传承基金;北京奇步天下科技有限公司;和丰网贷
cc5f7dcf,1,易贷网;宜贷网
823b3912,0,
f53c0984,1,泛亚有色金属交易所
6c35583e,1,摩尔龙;成都易捷公司;宜贷网
8556fd0b,0,
1c5facb1,1,小资钱包;恒丰银行
752e697f,0,
022959e9,1,石头理财
7243ad66,0,
e2fcb0f7,1,分利宝;名创优品
c70a6b06,1,网借;互利网
29040a2a,1,钱宝网
b7609f89,1,钱宝网
c067af1f,0,
a9166ad1,1,e租宝;福建中天盛宝融资租赁有限公司;山东谷丰汇扬融资租赁有限公司;金谷财行;国商金融;财管通
301f3b6b,0,
d97c9e5e,0,
08599d3a,0,
7f5eadac,1,爱达财富;阳光黔贷
963d0899,0,
0f345923,0,
783369b5,0,
9f8b44b2,1,e周行
66459ced,1,小资钱包
f821094e,0,
8f2639d8,0,
162f6862,1,草根金融
612858f4,1,北京易商通科技股份有限公司
d4619e94,0,
4d68cf2e,0,
a40b6a1b,0,
3d023ba1,1,资易贷（北京）金融信息服务有限公司旗下;小资钱包;易贷金融
4a050b37,0,
daba16a6,1,钱宝网
ba7d9f43,0,
5473fe6f,0,
ca176bcc,0,
24190ae0,0,
b4a61771,1,聚财猫;北京银行;上海招商
3de5838c,1,杭州云端金融信息服务有限公司
d3ebe2a0,1,资易贷（北京）金融信息服务有限公司;小资钱包
4d8f7703,0,
a381162f,1,以太坊ETH;以太坊
44393b28,0,
333e0bbe,1,联璧金融;微信钱包
53f9825b,0,
bdf7e377,1,和融天下;台州翱晟投资公司
caf0d3e1,1,资易贷（北京）金融信息服务有限公司;小资钱包
239376d4,1,成都易捷;摩尔龙?????;宜贷网
cd9d17f8,1,小资钱包;恒丰银行;资易贷
807d874b,1,钱牛牛
f77ab7dd,1,钱宝
6e73e667,1,小资钱包;资易贷
87104352,0,
691e227e,0,
1e1912e8,0,
9966b60a,1,钱宝网
ee61869c,0,
7768d726,1,黄金佳
006fe7b0,1,小资钱包;资易贷金融信息服务有限公司
9e0b7213,0,
e90c4285,0,
7005133f,1,黄金佳
97bd3e38,0,
e0ba0eae,1,网利宝
5c4584e5,0,
b52621d0,1,老虎金融;老虎金融信息服务（北京）有限公司;京东
bc906dfb,0,
cb975d6d,0,
ab50d488,1,小资钱包;资易贷
dc57e41e,1,摩尔龙;宜贷网
455eb5a4,0,
ac3d1091,0,
db3a2007,1,钱宝网
e411424f,1,海象理财
7d1813f5,1,联璧金融;上海联璧电子科技（集团）有限公司
e37c8656,0,
7a75d7ec,1,资易贷（北京）金融信息服务有限公司;小资钱包;资易贷
9dcdfaeb,0,
fd0a730e,0,
640322b4,1,金道;贵金属
fa67b717,1,陆金所;重庆惠民金融服务公司
636ee6ad,1,资易贷（北京）金融信息服务有限公司;小资钱包
84d6cbaa,0,
d62720cd,0,
d14ae4d4,1,泛亚有色金属交易所
a64dd442,1,联璧金融;斐讯
3f4485f8,1,安创理财
d8fca8ff,1,黄金佳
cf3c118c,0,
b83b211a,1,悦花越有
56354036,0,
265fb4b9,1,小资钱包;资易贷
c1e799be,1,mbi
b6e0a928,1,冠群驰骋;恒丰银行;北京冠群天勤信息咨询有限公司;冠e通;冠群驰骋投资关联(北京)有限公司;冠群驰骋投资管理(北京)有限公司
a6aa6c6f,1,中子星投资有限公司;中子星投资
4fc9c95a,0,
d6c098e0,0,
467f8571,1,冠群驰骋;冠e通
51bf3c02,1,盒子支付
c8b66db8,1,资易贷（北京）金融信息服务有限公司;小资钱包
56d2f81b,1,黄金佳
21d5c88d,1,壹佰金融
b8dc9937,0,
cfdba9a1,1,小资钱包;资易贷金融信息服务有限公司
5f64b430,1,光彩玖玖;远达财富
f6b8ddea,1,资易贷（北京）金融信息服务有限公司;小资钱包
18b6bcc6,1,有友金融
86d22965,0,
f1d519f3,1,小资钱包;资易贷(北京)金融信息服务有限公司
68dc4849,1,小资钱包;资易贷
1fdb78df,1,小资钱包;资易贷
8f64654e,1,资易贷（北京）金融信息服务有限公司;小资钱包
f86355d8,1,京海卓创（厦门）数字科技有限公司;京东金融;厦门易汇利金融信息技术服务有限公司;易利贷;厦门易汇利网络借贷信息中介服务有限公司
efa3ecab,1,小资钱包;恒丰银行;资易贷
76aabd11,1,资易贷（北京）金融信息服务有限公司;小资钱包
9fc91824,1,联璧金融;斐讯
e8ce28b2,1,资易贷（北京）金融信息服务有限公司;小资钱包;资易贷
71c77908,0,
06c0499e,1,易通贷;小资钱包
967f540f,0,
e1786499,0,
b3898ffe,1,黄金佳
c48ebf68,0,
2a80de44,0,
b4e44be7,1,摩尔龙公司;易贷网;宜贷网
bd5207cc,0,
ca55375a,0,
aa92bebf,0,
449cdf93,1,上海宜贷网金融信息公司;易贷网;宜贷网
daf84a30,0,
34f62b1c,1,小资钱包;恒丰银行;资易贷
0bdd4954,0,
95b9dcf7,1,易捷金融;宜贷网
eb08a04a,0,
9c0f90dc,1,摩尔龙公司;成都易捷公司;宜贷网
fcc81939,0,
8bcf29af,0,
fba5dd20,0,
62ac8c9a,1,小资钱包;资易贷
f213910b,0,
a0e27a6c,1,小资钱包;资易贷
4eec1b40,0,
d0888ee3,1,北京资易贷金融信息服务有限公司;小资钱包
3e86efcf,0,
4981df59,1,钱宝网
ae39f25e,0,
b9f94b2d,1,资易贷（北京）金融信息服务有限公司;小资钱包
20f01a97,1,小资钱包;资易贷
279dde8e,0,
49666774,1,上海卓妍投资管理有限公司;金球所
4e0ba36d,1,爱福家
47bdef46,0,
507d5635,0,
c974078f,0,
ce19c396,0,
84f0fbf9,1,小资钱包;恒丰银行;资易贷
1df9aa43,0,
839d3fe0,1,钱宝
f49a0f76,1,宜贷网;上海易贷网金融信息服务有限公司
6d935ecc,0,
8a2b73cb,0,
fd2c435d,0,
9debcab8,1,360借条
74886f8d,0,
9330428a,0,
e437721c,1,盈聚宝;天盛财富;华扶金贷
b6c6997b,1,上海中赢金融信息服务有限公司
58c8f857,1,钱宝网
2fcfc8c1,0,
c6ac6df4,0,
5fa53c4e,0,
41d3c916,1,钱宝
36d4f980,1,小资钱包;资易贷
dfb75cb5,0,
46be0d0f,1,联璧金融;上海联璧电子科技（集团）有限公司
e09c3efd,1,资易贷（北京）金融信息服务有限公司;小资钱包
0e925fd1,0,
79956f47,1,资易贷（北京）金融信息服务有限公司;小资钱包
90f6ca72,1,钱宝网
09ff9bc8,1,陨石地带
f9870fbc,1,唐小僧;资邦（上海）投资控股有限公司
8e803f2a,0,
608e5e06,0,
67e39a1f,1,资易贷（北京）金融信息服务有限公司;小资钱包
f75c878e,1,易捷金融;宜贷网
805bb718,1,小资钱包;资易贷
3ca43d53,1,北京资易贷金融信息服务有限公司;小资钱包
4ba30dc5,1,联璧金融;斐讯;北京银行
a2c0a8f0,1,小资钱包
4ccec9dc,1,小资钱包;易贷金融
ab76e4db,0,
cbb16d3e,1,小资钱包;恒丰银行;资易贷
22d2c80b,1,钱宝网
55d5f89d,0,
c56ae50c,0,
b26dd59a,0,
3b2e4167,0,
4b44b5e8,1,唐小僧
3c43857e,1,小资钱包
a54ad4c4,0,
d24de452,1,资易贷（北京）金融信息服务有限公司;小资钱包
42f2f9c3,0,
553240b0,1,小资钱包;资易贷
bb3c219c,0,
cc3b110a,0,
bc51e585,1,摩尔龙;宜贷网
cb56d513,1,????小资钱包
853291ce,0,
6b3cf0e2,0,
1c3bc074,0,
825f55d7,1,小资钱包;资易贷
f5586541,0,
1b56046d,0,
8be919fc,1,海象理财
fcee296a,1,小资钱包
7227c1a3,0,
0520f135,0,
754a05ba,1,昆明泛亚有色金属交易所
024d352c,1,上海盛付通电子支付服务有限公司
c003c3da,1,资易贷（北京）金融信息服务有限公司;小资钱包
590a9260,0,
296066ef,0,
b9df7b7e,0,
ced84be8,1,北京资易贷金融信息服务有限公司;小资钱包
4011a321,1,蓝金;正信国创
371693b7,0,
a9720614,1,钱宝财
de753682,1,日金宝;泛亚有色金属交易所
477c6738,1,联璧金融;唐小僧;斐讯;联壁金融
d7c37aa9,0,
e15e54ca,1,旺旺贷
9659645c,1,i财富
0f5035e6,1,小资钱包;北京资易贷
e63390d3,0,
9134a045,0,
7f3ac169,1,小资钱包;资易贷(北京）金融信息有限公司
ef85dcf8,1,资易贷（北京）金融信息服务有限公司;小资钱包
9882ec6e,1,小资钱包;资易贷
f845658b,1,小资钱包;恒丰银行;北京正聚源通鼎信用管理有限公司
614c3431,0,
ff28a192,1,金鲤金服;阿里创投网络科技（北京）有限公司
1126c0be,0,
a46f06de,1,红岭创投;草根金融
3d665764,0,
4a6167f2,0,
ddb3be7a,0,
247d6625,1,小资钱包;资易贷北京金融信息服务有限公司
ba19f386,1,小资钱包;恒丰银行;资易贷
2310a23c,1,摩尔龙;宜贷网
c4a88f3b,1,一号家居网;上海易日升金融服务有限公司;一号家居网装饰公司;上海易日升金融平台
a488bef3,1,上海文化产权交易所股份有限公司
3437a362,1,宜贷网
54f02a87,0,
cdf97b3d,0,
539dee9e,0,
2d2c9223,1,ZJLT;ZJL
697a4ebb,0,
1e7d7e2d,1,钱宝网
8019eb8e,1,资易贷（北京）金融信息服务有限公司;小资钱包
1910ba34,1,小资钱包;易资贷;资易贷
89afa7a5,1,北银创投
fea89733,0,
e9682e40,1,okex
07664f6c,0,
770cbbe3,1,资易贷（北京）金融信息服务有限公司;小资钱包
000b8b75,0,
5b4c2c39,0,
cc9ef5b1,1,小资钱包;资易贷
35502dee,1,山东伊思曼姿;瀚亚投资;赚客帝国;中销联合
453ad961,1,365金融
a282f466,1,众车在线
d585c4f0,1,众金所;钱端;深圳招行
e318ea93,0,
941fda05,1,小资钱包;资易贷
7a11bb29,0,
e4752e8a,1,天津天合泰富资产管理有限公司;天合泰富
93721e1c,0,
0a7b4fa6,0,
edc362a1,1,小资钱包;资易贷北京金融信息服务有限公司
fa03dbd2,1,小资钱包;资易贷
8d04eb44,1,联璧金融;斐讯
140dbafe,1,易捷金融;宜贷网
630a8a68,1,小资钱包;资易贷(北京)金融信息服务有限公司
fd6e1fcb,1,小资钱包;恒丰银行;资易贷(小资钱包）
8a692f5d,0,
83df6376,1,易捷金融;宜贷网
d12e8811,0,
3f20e93d,1,小资钱包;恒丰银行
d6434c08,1,壹佰金融
a1447c9e,1,昆明泛亚有色金属交易所;e租宝
4f4a1db2,1,易捷金融;宜贷网
a8f230b5,0,
c835b950,1,资易贷（北京）金融信息服务有限公司;小资钱包
bf3289c6,1,青岛仁和融兴投资有限公司
263bd87c,1,资易贷（北京）金融信息服务有限公司;小资钱包
513ce8ea,1,盛世汇海;北京盛世汇海投资管理有限公司
b85f4ddf,1,联璧金融;斐讯;北京银行
21561c65,1,京海卓创（厦门）数字科技有限公司;易利贷;厦门易汇利网络借贷信息中介服务有限公司
56512cf3,1,小资钱包;资易贷
4fada59f,0,
38aa9509,1,和耕传承基金销售有限公司;360金融;北京奇步天下科技有限公司
a1a3c4b3,0,
56b694de,0,
b8b8f5f2,1,小资钱包;恒丰银行
51db50c7,1,淘优乐
c8d2017d,1,聚财猫;聚财猫理财;春晓天泽
2f6a2c7a,1,光彩玖玖;远达财富
86b645a0,1,资易贷（北京）金融信息服务有限公司;小资钱包
f1b17536,1,摩尔龙;成都易捷公司;宜贷网
68b8248c,0,
81db81b9,1,资易贷（北京）金融信息服务有限公司;小资钱包
6fd5e095,1,资易贷（北京）金融信息服务有限公司;小资钱包;恒丰银行;资易贷
18d2d003,0,
9fad74e1,1,钱宝网
e8aa4477,0,
efc7806e,1,易捷金融;宜贷网
76ced1d4,1,成都易捷金融;上海宜贷网
e671cc45,0,
b4802722,0,
c38717b4,1,小资钱包;恒丰银行;资易贷
2d897698,0,
c4ead3ad,0,
ba5baf10,0,
cd5c9f86,0,
da9c26f5,1,聚财猫;首投理财
349247d9,1,金贝猫
aaf6d27a,1,多米金融
a3409e51,0,
d447aec7,0,
e5b744bd,1,创客金融
92b0742b,0,
0bb92591,1,摩尔龙;易捷金融;宜贷网
7cbe1507,0,
9b063800,0,
8cc68173,0,
15cfd0c9,0,
62c8e05f,0,
fcac75fc,0,
12a214d0,0,
65a52446,1,黄金佳
f51a39d7,1,钱宝
821d0941,0,
d0ece226,0,
a7ebd2b0,1,小资钱包;北京资易贷金融信息服务有限公司（简称小资钱包）
49e5b39c,1,资易贷（北京）金融信息服务有限公司;小资钱包
50fe82dd,0,
ce9a177e,1,摩尔龙;宜贷网
b99d27e8,0,
579346c4,0,
b02b6bc3,1,易商通
4e6fcfa8,0,
a061ae84,1,小资钱包;资易贷
3e053b27,0,
a70c6a9d,0,
d00b5a0b,0,
37b3770c,1,上海格申资产管理有限公司;财富柜
2073ce7f,1,易捷金融;宜贷网
b97a9fc5,0,
50193af0,0,
271e0a66,1,月光宝盒
faed320b,1,川惠财富
14e35327,0,
fd80f612,1,小资钱包;恒丰银行;资易贷
6489a7a8,1,资易贷（北京）金融信息服务有限公司;小资钱包
138e973e,0,
f436ba39,0,
94f133dc,0,
e3f6034a,1,贝格富;长红配资
7aff52f0,1,小资钱包;恒丰银行;资易贷
939cf7c5,1,金维思;联安贷;投车宝
7d9296e9,1,小资钱包;资易贷
0a95a67f,1,零时口袋;快易借;信鸽钱包;幸运草;钱太太;速贷宝;天天花;复星宝;机有米;闪到;小米袋子;金婵钱包;宇宙白卡;喵喵贷;小肥羊;金葫芦
9a2abbee,0,
ed2d8b78,1,黄金佳
51d20133,1,普银币
26d531a5,1,小资钱包;资易贷
cfb69490,0,
56bfc52a,1,金融桥
a6c7515e,1,云集品
48c93072,1,e租宝;钱宝网;钱宝
3fce00e4,0,
38a3c4fd,0,
a81cd96c,0,
df1be9fa,0,
0788a6b5,1,?宜贷网;摩尔龙;易贷网;宜贷网
eeeb0380,0,
00e562ac,0,
77e2523a,1,摩尔龙公司;成都易捷公司;宜贷网
905a7f3d,0,
f09df6d8,1,陕西金辉投资管理有限公司;山东肯雅隆股权投资基金管理有限公司
879ac64e,1,九药网
1e9397f4,1,百度金融
6994a762,0,
acb7958d,1,信和上融网络科技（北京）有限公司;信和大金融
35bec437,0,
abda5194,0,
d56b2d29,0,
a26c1dbf,1,微拍贷
b5aca4cc,1,澎湃国际
2ca5f576,1,贝格富;长红配资
5ba2c5e0,0,
c5c65043,1,资易贷（北京）金融信息服务有限公司;小资钱包
b2c160d5,1,小资钱包;资易贷
5ccf01f9,0,
bb772cfe,1,冠群驰聘;冠群驰骋
45338895,1,天合联盟
3234b803,0,
ab3de9b9,0,
dc3ad92f,0,
425e4c8c,0,
35597c1a,1,火牛视频
db571d36,0,
5c28b9d4,0,
5b457dcd,1,小资钱包;资易贷
c24c2c77,0,
52f331e6,1,力福特公司
25f40170,0,
8c2868aa,0,
fb2f583c,0,
15213910,0,
8b45acb3,1,工银金融;众可贷
fc429c25,1,小资钱包;恒丰银行
654bcd9f,1,钱宝网
124cfd09,1,资易贷（北京）金融信息服务有限公司;小资钱包
f5f4d00e,1,钱宝网
953359eb,0,
0c3a0851,0,
925e9df2,1,小资钱包;资易贷
be1e0a28,1,小资钱包;资易贷
50106b04,1,点融网;点融;团贷网
27175b92,1,小资钱包;恒丰银行;北京正聚源通鼎公司
ce74fea7,0,
b0c5821a,0,
c7c2b28c,1,易捷金融外包服务有限公司;宜贷网
d0020bff,1,沃时贷
3961aeca,0,
ded983cd,0,
e844adae,0,
9f439d38,0,
714dfc14,1,杭州云翳网络科技有限公司;正道金服
ef2969b7,0,
9198150a,1,资易贷（北京）金融信息服务有限公司;小资钱包
f15f9cef,1,夸克金融
f63258f6,0,
81356860,1,诺诺镑客;名校贷
ff8414dd,0,
ad75ffba,0,
aa183ba3,0,
33116a19,1,懒财网;华润银行
a3ae7788,1,贝格富;长红配资;忆融速配
5a60afd7,0,
c4043a74,1,魔房宝;魔方金服
2a0a5b58,0,
349b162d,0,
da957701,0,
4a2a6a90,1,联璧金融;上海联璧电子科技（集团）有限公司
2aede375,1,拍拍贷
c4e38259,0,
5a8717fa,0,
c38e4640,1,摩尔龙;宜贷网
24366b47,1,钱宝网;钱宝
3b453440,0,
d54b556c,0,
a24c65fa,1,小资钱包;恒丰银行;资易贷(小资钱包）
3c28f059,1,上海汇聚财富;上海汇聚投资有限公司
4b2fc0cf,0,
d2269175,1,联璧金融
42998ce4,0,
225e0501,1,联璧金融;唐小僧;上海联璧电子科技(集团)有限公司
cc50642d,1,钱宝
bb5754bb,1,小资钱包;资易贷金融信息服务有限公司
2533c118,1,小资钱包;恒丰银行;资易贷
2c858d33,1,资易贷（北京）金融信息服务有限公司;小资钱包
5b82bda5,0,
e77d37ee,0,
907a0778,0,
0e1e92db,0,
e010f3f7,1,联璧金融;唐小僧
9717c361,0,
70afee66,0,
10686783,1,资易贷（北京）金融信息服务有限公司;小资钱包
676f5715,0,
89613639,1,钱宝网;钱宝
1705a39a,0,
1eb3efb1,0,
c620a0fe,0,
2f4305cb,0,
b64a5471,1,小资钱包;资易贷
4632c005,0,
3135f093,1,钱宝网
a83ca129,0,
df3b91bf,1,太平洋证券
3658348a,1,久信e贷
af516530,0,
d85655a6,0,
f416c27c,1,摩尔龙;成都易捷公司;????宜贷网
847c36f3,0,
f37b0665,0,
63c41bf4,1,小资钱包;资易贷
14c32b62,0,
7404a287,1,小资钱包
9a0ac3ab,1,多米
ed0df33d,0,
7369669e,1,摩尔龙公司;成都易捷公司;????宜贷网;宜贷网
9d6707b2,1,资易贷（北京）金融信息服务有限公司;小资钱包
ea603724,0,
1d92df64,0,
1aff1b7d,0,
6df82beb,1,小资钱包
8a4006ec,0,
9d80bf9f,1,海象理财
0489ee25,0,
738edeb3,1,海贷金服体验金
edea4b10,1,唐小僧;资邦（上海）投资控股有限公司
e45c073b,1,爱心互助;钱宝
935b37ad,1,资和信
4d806ee1,1,资易贷（北京）金融信息服务有限公司;????小资钱包
d4893f5b,1,资易贷(小资钱包）
a38e0fcd,1,猴子理财;人文贷
3dea9a6e,1,易捷金融;宜贷网
239c6f36,1,深圳市钱爸爸电子商务有限公司
cd920e1a,1,北京易商通科技有限公司
caffca03,1,易捷金融;宜贷网
5a40d792,0,
7fb60c63,0,
e6bf5dd9,1,资易贷;????小资钱包
78dbc87a,0,
e1d299c0,0,
716d8451,0,
11aa0db4,0,
ffa46c98,1,小资钱包;资易贷
88a35c0e,1,易捷金融;宜贷网
16c7c9ad,1,新华财富
61c0f93b,1,生钱袋;链金所
6876b510,0,
29ecabe5,0,
59865f6a,0,
b7883e46,1,玖富;玖富万卡
50301341,0,
47f0aa32,1,悟空理财;玖富集团;玖富
379a5ebd,1,小资钱包
ae930f07,1,人人公益
d9943f91,1,普顿
492b2200,1,陆金所
3e2c1296,0,
82d398dd,1,小资钱包;资易贷金融信息服务有限公司
6bb03de8,1,房融所
1cb70d7e,0,
f2b96c52,0,
620671c3,1,小资钱包;恒丰银行
75c6c8b0,1,钱宝财
eccf990a,1,小资钱包;恒丰银行
7b1d4082,0,
8559e4e9,0,
6b5785c5,1,小资钱包;恒丰银行
f5331066,1,小资钱包;资易贷北京金融信息服务有限公司
1b3d714a,1,摩尔龙;宜贷网
054b8412,0,
724cb484,1,小资钱包;恒丰银行
ec282127,0,
4fc6d0b8,0,
d6cf8102,0,
a1c8b194,0,
cfd4b043,1,银信金服
c8b9745a,0,
bfbe44cc,0,
580669cb,0,
0af782ac,0,
7df0b23a,1,资易贷（北京）金融信息服务有限公司;小资钱包;恒丰银行
e4f9e380,0,
93fed316,1,蚂蚁财富;中泰证券
7a9d7623,0,
9493170f,1,浩亚达e金融
042c0a9e,0,
732b3a08,0,
64eb837b,1,合力宏远（汽配批发）;资信财富（北京）投资基金管理有限公司;资信财富;小资钱包;移动代理商话费归集UMF;浙江银加信息技术有限公司;易拍全球（北京）科贸有限公司;资信财富投资（集体）有限公司
fde2d2c1,0,
fa8f16d8,1,投客网;领投客
1d373bdf,1,玉茶坊
6a300b49,0,
5cad252a,1,小资钱包
2cc7d1a5,0,
b5ce801f,1,小资钱包
45b6146b,0,
42dbd072,0,
35dce0e4,1,普银币;空气币
acd5b15e,0,
4b6d9c59,0,
3c6aaccf,1,e周行;?渤海创投子公司智慧蜂巢;渤海创投
199c773e,1,钱宝网
80952684,1,小灰熊
1ef1b327,1,fcoin
f0ffd20b,1,小资钱包;恒丰银行;资易贷
6040cf9a,0,
1747ff0c,0,
0087467f,0,
07ea8266,1,小资钱包;北京资易贷
e9e4e34a,0,
795bfedb,0,
0e5cce4d,1,中国软银;????摩尔龙;宜贷网
f0186a26,0,
1e160b0a,1,泛亚有色金属交易所
80729ea9,1,优信;湖商贷
fec3e214,0,
89c4d282,0,
e9035b67,1,上海中赢金融信息服务有限公司
9e046bf1,1,摩尔龙;宜贷网
ee6e9f7e,0,
e7d8d355,0,
39038a19,1,齐鲁商品交易中心
4e04ba8f,1,汇聚财富
49697e96,0,
a7671fba,1,联璧金融;斐讯;京东
2018bb58,0,
ce16da74,1,小资钱包;北京资易贷
27757f41,1,黄金佳
50724fd7,1,上海联璧电子科技（集团）有限公司
59c403fc,0,
0b35e89b,1,嘉盛国际
7c32d80d,1,联璧金融;斐讯
e53b89b7,1,红岭创投
0c582c82,0,
122ed9da,0,
6529e94c,0,
62442d55,1,联璧金融;斐讯
8c4a4c79,1,小资钱包;易资贷;资易贷
1cf551e8,1,深圳光彩投资控股集团有限公司;光彩币;弗尔斯特控股有限公司;福币
2a687f8b,1,川惠财富
c4661ea7,0,
b40cea28,0,
c30bdabe,0,
44747e5c,1,寓锡金服;华泰金融
33734eca,1,汇鑫小额贷款有限公司;湖北鑫浪贸易有限公司
341e8ad3,1,资易贷（北京）金融信息服务有限公司;小资钱包
ad17db69,1,资易贷（北京）金融信息服务有限公司;小资钱包
da10ebff,1,小资钱包;恒丰银行
4aaff66e,0,
6f592d9f,0,
863a88aa,0,
f13db83c,1,盈聚宝;天盛财富;华扶金贷
76421cde,0,
712fd8c7,0,
0628e851,1,网利宝
9f21b9eb,1,小资钱包;恒丰银行;资易贷（小资钱包）;资易贷
e826897d,0,
789994ec,1,小资钱包;众可贷
0f9ea47a,1,山东海倍电子商务股份有限公司
f1da0011,0,
f6b7c408,1,唐小僧
6fbe95b2,1,联璧金融;钱宝网;钱宝
8806b8b5,0,
06cf507c,0,
efacf549,1,唐小僧;e租宝
98abc5df,1,资易贷（北京）金融信息服务有限公司;小资钱包
76a5a4f3,0,
e61ab962,1,小资钱包
911d89f4,1,中汇盈金融服务有限公司
3c4c9c9c,0,
d242fdb0,1,理财帝国
329714ae,1,资易贷（北京）金融信息服务有限公司;小资钱包
2557addd,0,
52509d4b,0,
553d5952,0,
cc3408e8,0,
0e7afe1e,0,
e0749f32,0,
09173a07,1,威锯危来科技
7e100a91,1,博邦商城
77a646ba,1,多米金融
8e689ee5,1,乐富支付
100c0b46,1,任性贷
670b3bd0,0,
89055afc,1,联璧金融;斐讯
58205998,1,昆明泛亚有色金属交易所;e租宝
2f27690e,1,联众贷
284aad17,1,上海康得商业保理有限公司;康得集团
c644cc3b,1,山东海倍电子商务股份有限公司
413b68d9,0,
363c584f,0,
af3509f5,1,网利宝
4656acc0,1,浙商银行
df5ffd7a,0,
4fe0e0eb,1,北京资易贷金融信息服务有限公司;小资钱包
38e7d07d,1,资易贷（北京）金融信息服务有限公司;小资钱包;恒丰银行
6a163b1a,1,金融桥
1d110b8c,1,全球购;全球购京东;京东
6d7bff03,1,海象理财;复华
1a7ccf95,0,
83759e2f,1,真融宝;拍拍贷
f472aeb9,1,钱宝网
730d0a5b,0,
040a3acd,0,
9d036b77,0,
ea045be1,0,
7460ce42,1,联璧金融
ed699ff8,0,
0ad1b2ff,1,利得行
6d9c472e,0,
84ffe21b,1,联璧金融;上海联璧电子科技（集团）有限公司
8d49ae30,0,
ed8e27d5,0,
eae3e3cc,0,
9de4d35a,1,赫尔币
e355afe7,0,
3d8ef6ab,0,
3ae332b2,1,小资钱包;恒丰银行
d4ed539e,1,钱宝网
2495c7ea,1,摩尔龙;宜贷网
5392f77c,0,
ca9ba6c6,0,
bd9c9650,1,宜人贷
23f803f3,0,
cdf662df,1,上海格申资产管理有限公司;财富柜
2a4e4fd8,1,钱宝网
5d497f4e,1,小资钱包;资易贷
e1b6f505,1,联璧金融;斐讯
96b1c593,0,
7fd260a6,1,易捷;摩尔龙;宜贷网
e6db311c,0,
91dc018a,1,壹佰金融
16a3a568,1,小资钱包;北京正聚源通鼎公司
61a495fe,0,
8faaf4d2,1,小资钱包;恒丰银行
11ce6171,1,多多理财;仁智股份;西藏瀚澧
66c951e7,1,资易贷（北京）金融信息服务有限公司;小资钱包;资易贷
ffc0005d,0,
88c730cb,1,万盈金融
18782d5a,1,e周行;渤海创投集团通
b7ec5283,1,云联惠;匀富尚品
b081969a,1,亚洲掘金投资公司
5739bb9d,1,小资钱包;北京正聚源通鼎公司;资易贷金融信息服务有限公司
203e8b0b,0,
aef763c2,0,
d9f05354,1,小资钱包;资易贷
de9d974d,1,易通贷;V金融
6bd4512d,0,
650fd91f,0,
1208e989,1,贝格富;长红配资
05c850fa,1,易捷金融;宜贷网
ebc631d6,0,
75a2a475,1,小资钱包
9bacc559,0,
7c14e85e,0,
0b13d8c8,0,
6c5e2d19,0,
853d882c,0,
1c34d996,1,易捷金融;宜贷网
fb8cf491,1,江苏绿能宝融资租赁有限公司
ec4c4de2,1,百度有钱花;百度金融;度小满（原有钱花）
9c26b96d,1,e租宝;泛亚有色金属交易所
052fe8d7,0,
3fc848f2,0,
d1c629de,0,
4614f056,1,联璧金融;唐小僧;斐讯;钱宝网;雅堂金融
26d379b3,1,小资钱包
21bebdaa,0,
0dfe2a70,1,gs-forex高盛国际
7af91ae6,0,
e3f04b5c,0,
0a93ee69,1,冠群驰骋;冠e通
7d94deff,1,宜贷网;上海易贷网金融信息服务有限公司
e49d8f45,0,
939abfd3,1,易捷金融;宜贷网
0325a242,1,魔房宝;魔方金服
faeb7a1d,0,
8dec4a8b,0,
648fefbe,0,
fd86be04,1,资易贷（北京）金融信息服务有限公司;小资钱包
8a818e92,1,万盈金融;五粮液集团
5ba48df6,0,
b5aaecda,1,好享贷;交通银行
5cc949ef,0,
b2c728c3,0,
c5c01855,0,
557f05c4,0,
35b88c21,1,小资钱包;恒丰银行;资易贷
acb1dd9b,0,
45d278ae,1,小资钱包;恒丰银行
32d54838,1,小资钱包
abdc1982,0,
4c643485,1,资易贷（北京）金融信息服务有限公司;小资钱包
3b630413,0,
1e95dfe2,1,小资钱包;资易贷
879c8e58,0,
6eff2b6d,1,金球所
80f14a41,1,深圳市钱爸爸电子商务有限公司;钱爸爸
67496746,1,小资钱包;资易贷
104e57d0,0,
7089de35,0,
9e87bf19,0,
e9808f8f,1,泛亚有色金属交易所股份有限公司;泛亚有色金属交易所;天浩稀贵金属股份有限公司
77e41a2c,1,中润银通投资北京有限公司
8016f26c,1,钱宝网
191fa3d6,1,绿化贷;壹佰金融
69755759,0,
f9ca4ac8,0,
990dc32d,0,
00049297,1,小资钱包;资易贷金融信息服务有限公司
7703a201,1,好享贷;交通银行
0769568e,1,小资钱包;恒丰银行;资易贷
706e6618,0,
e0d17b89,1,上海汇聚财富投资
490d1253,1,小资钱包;资易贷
d00443e9,0,
a703737f,1,小资钱包;资易贷(北京)金融信息服务有限公司
3967e6dc,0,
4e60d64a,0,
50162312,0,
c91f72a8,0,
207cd79d,0,
b9758627,0,
29ca9bb6,0,
e232216b,1,钱宝网
953511fd,0,
e55fe572,0,
fb29102a,0,
8c2e20bc,0,
fc44d433,0,
8b43e4a5,0,
5a66e7c1,0,
b46886ed,0,
5d0b23d8,1,小资钱包;资易贷
b30542f4,1,虹金所;小乔钱包
c4027262,0,
437dd680,0,
347ae616,1,小资钱包;易资贷;资易贷
ad73b7ac,1,资易贷（北京）金融信息服务有限公司;小资钱包
da74873a,1,资易贷（北京）信息金融服务有限公司;小资钱包;恒丰银行;易贷金融
3317220f,1,小资钱包;资易贷
dd194323,1,小资钱包;资易贷
4da65eb2,1,聚财猫;聚财猫理财;春晓天泽
3aa16e24,1,易捷金融;宜贷网
68508543,1,e租宝;北京股票配资
1f57b5d5,0,
f159d4f9,0,
6f3d415a,0,
183a71cc,1,联璧金融;京东
f63410e0,1,红岭创投
668b0d71,0,
7626701b,1,北京资易贷金融信息服务有限公司;小资钱包
98281137,1,e租宝;泛亚有色金属交易所
f6d3a8cd,0,
86b95c42,1,红岭创投
8f0f1069,0,
efc8998c,0,
76c1c836,1,资易贷（北京）金融信息服务有限公司;小资钱包
06ab3cb9,1,摩尔龙;易捷金融;宜贷网
71ac0c2f,0,
4251556e,1,上海卓妍投资管理有限公司;金球所
ac5f3442,1,百合网;月光宝盒
453c9177,1,资易贷（北京）信息金融服务有限公司;小资钱包
dc35c0cd,1,igofx
ab32f05b,0,
4c8add5c,1,融易贷
2c4d54b9,0,
5b4a642f,0,
c2433595,0,
b229c11a,1,易米融
5591ec1d,1,资易贷（北京）金融信息服务有限公司;小资钱包
0760077a,1,e周行
706737ec,0,
9e6956c0,0,
990492d9,0,
09bb8f48,1,宜贷网;上海易贷网金融信息服务有限公司
f0755717,0,
6e11c2b4,1,陆金所
801fa398,0,
10a0be09,0,
67a78e9f,0,
513aa0fc,1,钱宝网
263d906a,1,小资钱包;资易贷
bf34c1d0,0,
565764e5,0,
21505473,1,上海骏合金融信息服务有限公司
b85905c9,1,小资钱包;资易贷金融信息服务有限公司
cf5e355f,1,北京资易贷金融信息服务有限公司;小资钱包
3f26a12b,1,御顺金融;成都御顺金融贷款公司
a1423488,1,小资钱包;资易贷
d645041e,0,
31fd2919,0,
8d02a352,1,小资钱包;恒丰银行
fa0593c4,1,昆明泛亚有色金属交易所;e租宝
136636f1,0,
8a6f674b,0,
fd6857dd,1,天津渤海商品交易所
1ad07ada,1,钱宝网
0d10c3a9,0,
e31ea285,1,小资钱包;资易贷
9374560a,0,
e473669c,1,钱宝网
74cc7b0d,1,资易贷（北京）金融信息服务有限公司;小资钱包
03cb4b9b,1,沃时贷
8a88df66,0,
13818edc,1,上海中赢金融信息服务有限公司
84535754,0,
9393ee27,1,钱端;网利宝
e3f91aa8,1,????小资钱包
94fe2a3e,0,
0df77b84,0,
7af04b12,1,摩尔龙;宜贷网
da9a6ee3,0,
33f9cbd6,0,
44fefb40,1,以太坊;MXCC
ddf7aafa,0,
aaf09a6c,1,ppmoney
3a4f87fd,0,
2d8f3e8e,1,人人公益
5a880e18,1,钱宝网
5de5ca01,0,
c4ec9bbb,1,钱宝网
b3ebab2d,1,上海格申资产管理有限公司;财富柜
06a26d4d,0,
e8ac0c61,0,
98c6f8ee,0,
0879e57f,0,
1fb95c0c,0,
68be6c9a,1,小资钱包;资易贷金融信息服务有限公司
6fd3a883,1,上海返利网;联璧金融;E都市钱包
50f8cacb,0,
bef6abe7,1,资易贷（北京）金融信息服务有限公司;小资钱包
c9f19b71,0,
b99b6ffe,0,
ce9c5f68,0,
5e2342f9,1,钱宝网
2924726f,1,钱宝
3ee4cb1c,0,
a7ed9aa6,1,中国软银;摩尔龙;宜贷网
4e8e3f93,1,借条平台;360借条
39890f05,1,北京资易贷金融信息服务有限公司;小资钱包
d7876e29,0,
473873b8,1,旺旺贷
303f432e,1,懒财主;陨石地带
65a36c50,0,
12a45cc6,1,美团
8bad0d7c,1,网利宝
e2dcc8b2,0,
0bbf6d87,1,毕投金服;好麦金融
92b63c3d,0,
e5b10cab,0,
020921ac,1,天津源丰财富生活网络信息服务有限公司;e周行;渤海智慧蜂巢;金城银行;渤海创投
fc4d85c7,1,壹佰金融
6544d47d,1,红岭创投;投资宝
8c277148,0,
f2960df5,0,
85913d63,1,联璧金融
7c5fe53c,1,小资钱包;资易贷
953c4009,0,
29f09bae,0,
b0f9ca14,1,大宗商品交易
b7940e0d,0,
272b139c,1,小资钱包
502c230a,1,小资钱包;恒丰银行
30ebaaef,1,钱宝网
47ec9a79,1,资易贷（北京）金融信息服务有限公司;小资钱包
dee5cbc3,0,
37866ef6,1,均瑶集团
40815e60,0,
d9880fda,1,北京资易贷金融信息服务有限公司;小资钱包
ae8f3f4c,1,恒瑞财富
4937124b,0,
6cc1c9ba,0,
f5c89800,0,
f2a55c19,1,小资钱包
151d711e,0,
621a4188,0,
02ddc86d,1,小资钱包;恒丰银行
ecd3a941,1,小资钱包
72b73ce2,1,钱宝网
ebbe6d58,1,小资钱包
9cb95dce,1,小资钱包;资易贷北京金融信息服务有限公司
4d9c5eaa,1,上海卓妍投资管理有限公司;金球所
3a9b6e3c,0,
a3923f86,1,钱宝网
3df6aa25,1,东方融资网;上海钱智金融信息服务有限公司
4347d698,0,
23805f7d,0,
ba890ec7,1,宜贷网;上海易贷网金融信息服务有限公司
2d5bd74f,1,美团
08ad0cbe,1,安邦保险集团;邦融汇
e6a36d92,1,沃客理财
78c7f831,1,钱宝网;钱宝
96c9991d,1,借贷宝
0676848c,1,资易贷（北京）金融信息服务有限公司;小资钱包
66b10d69,0,
11b63dff,0,
88bf6c45,1,红岭创投;草根金融
8fd2a85c,0,
f8d598ca,0,
686a855b,0,
1f6db5cd,1,溯源链
e644d5bf,1,深圳市钱爸爸电子商务有限公司
084ab493,0,
7f4d8405,1,资易贷（北京）金融信息服务有限公司;小资钱包;资易贷
eff29994,0,
f83220e7,1,钱宝
8f351071,0,
613b715d,1,小资钱包
ff5fe4fe,1,北京银行;北京银行西单支行;康得投资集团有限公司
6656b544,1,黄金佳
81ee9843,1,联璧金融
2832f199,0,
58580516,0,
26e979ab,1,小资钱包;资易贷
51ee493d,1,资易贷（北京）金融信息服务有限公司;小资钱包
3129c0d8,1,小资钱包
d84a65ed,1,光彩玖玖;远达财富
af4d557b,1,中海投资;上海中海投资产管理有限公司
48f5787c,0,
f40af237,1,壹佰金融
830dc2a1,1,小资钱包;恒丰银行;资易贷
1d695702,0,
846006b8,0,
14df1b29,1,小资钱包;资易贷(北京)金融信息服务有限公司
031fa25a,1,sky蓝天国际
737556d5,1,摩尔龙;宜贷网
ea7c076f,1,钱宝网
9d7b37f9,0,
0dc42a68,0,
4b33f084,1,小资钱包;资易贷
4285bcaf,0,
35828c39,0,
bb4b64f0,1,小资钱包
cc4c5466,0,
5228c1c5,0,
2c99bd78,1,杭州云端金融信息服务有限公司
096f6689,1,钱宝网
e76107a5,1,威廉希尔;众享云店;ICA亚投链
79059206,0,
0e02a290,0,
970bf32a,0,
70b3de2d,1,小资钱包;恒丰银行;资易贷
107457c8,1,鼎金国际
fe7a36e4,0,
e0eb7b91,1,小资钱包;北京正聚源通鼎公司;资易贷金融信息服务有限公司
e786bf88,1,旺旺贷
60f91b6a,1,易通贷;小资钱包
fe9d8ec9,0,
1093efe5,1,北京资易贷金融信息服务有限公司;小资钱包
6794df73,1,信有钱;微信支付
2a744fc0,1,????中海创富;小商贷;融车网
5d737f56,1,和诚德在线
c47a2eec,0,
5a1ebb4f,0,
44684e17,1,独角金融;信和大金融
aa662f3b,1,钱宝网
3402ba98,1,小资钱包
43058a0e,1,小资钱包
da0cdbb4,0,
ad0beb22,0,
4ab3c625,1,PUREBIT交易所;以太坊
6f451dd4,0,
f64c4c6e,1,乐网贷
f1218877,1,联璧金融
8626b8e1,0,
619e95e6,1,bec;okex
765e2c95,1,小资钱包;恒丰银行
ef577d2f,1,小资钱包;资易贷
98504db9,0,
0634d81a,1,懒财网;华瑞银行托管;阳光保险承保
7133e88c,0,
a016ebe8,0,
d07c1f67,0,
40c302f6,0,
20048b13,1,华安黄金
506e7f9c,1,信托100
be601eb0,0,
c9672e26,0,
2edf0321,1,钱宝网
9220896a,0,
e527b9fc,1,北京东方财蕴金融信息服务有限公司
0c441cc9,1,易捷金融;宜贷网
954d4d73,0,
e24a7de5,0,
1232e991,0,
fc3c88bd,0,
6bee5135,0,
1ce961a3,0,
e2adc5c8,1,辽宁海佛科技有限公司;海佛金融
7ba49472,1,联璧金融;斐讯;北京银行
e5c001d1,0,
ec764dfa,0,
9b717d6c,0,
fbb6f489,1,易捷金融;宜贷网
15b895a5,1,摩尔龙公司;成都易捷公司;宜贷网
62bfa533,0,
fcdb3090,0,
12d551bc,0,
2bb625f7,1,麻袋财富
c5b844db,0,
b2bf744d,0,
c2d580c2,0,
526a9d53,0,
32ad14b6,1,摩尔龙;成都易捷公司;宜贷网
dca3759a,1,资易贷（北京）金融信息服务有限公司;小资钱包
dbceb183,0,
3c769c84,1,摩尔龙公司;成都易捷公司;????宜贷网;宜贷网
4b71ac12,1,信和大金融
19804775,0,
6e8777e3,1,小资钱包;恒丰银行;资易贷
f78e2659,0,
808916cf,1,资易贷（北京）金融信息服务有限公司;小资钱包;恒丰银行
1eed836c,1,中经汇金
009b7634,1,易通贷;小资钱包
779c46a2,1,利得行
ee951718,1,小资钱包;资易贷
9992278e,0,
07f6b22d,0,
70f182bb,1,资易贷（北京）金融信息服务有限公司;小资钱包;资易贷
e9f8d301,1,99yx游戏平台;深圳中青宝;网易公司;中青宝公司;gs;万祺网络科技有限公司
4fdae0f3,1,小资钱包;恒丰银行;资易贷
a1d481df,1,宜信
48b724ea,0,
3fb0147c,0,
a6b945c6,1,资易贷（北京）金融信息服务有限公司;小资钱包
410168c1,1,钱宝网
56c1d1b2,1,小资钱包;北京正聚源通鼎公司
b8cfb09e,0,
cfc88008,0,
26ab253d,0,
bfa27487,1,宁波日融财富投资管理有限公司
581a5980,0,
2f1d6916,0,
7dec8271,0,
0aebb2e7,1,盈在线上
93e2e35d,1,小资钱包;恒丰银行
948f2744,0,
e38817d2,1,黄金佳
04303ad5,0,
64f7b330,1,钱宝网
13f083a6,1,小资钱包;资易贷
8af9d21c,1,小资钱包;易资贷;资易贷
639a7729,1,资易贷（北京）金融信息服务有限公司;小资钱包;资易贷
149d47bf,1,小资钱包;恒丰银行;资易贷
8d941605,0,
e36fafff,1,东朗理财;小满金服
7a66fe45,0,
e4026be6,0,
0a0c0aca,1,乐居
7d0b3a5c,1,小资钱包;资易贷
fa749ebe,1,小资钱包;北京资易贷;正聚源通鼎信用管理有限公司;小资
8d73ae28,0,
147aff92,1,渤海创投集团;e周行;金城银行;渤海智慧;蜂巢众创
637dcf04,0,
fd195aa7,0,
64100b1d,1,币安
f4af168c,1,钱宝网
2ef93372,0,
59fe03e4,1,信和大金融
c0f7525e,1,资易贷（北京）金融信息服务有限公司;小资钱包
b7f062c8,0,
2994f76b,0,
b09da6d1,1,小资钱包;恒丰银行
2022bb40,0,
57258bd6,1,小资钱包;资易贷(北京）金融信息有限公司
40e532a5,0,
308fc62a,0,
de81a706,0,
39398a01,0,
1ccf51f0,0,
6bc86166,1,小资钱包;恒丰银行;资易贷
f2c130dc,1,小资钱包;资易贷
1ba295e9,1,小资钱包;恒丰银行
f5acf4c5,0,
1214d9c2,0,
02b9a4a8,0,
ecb7c584,1,小资钱包;资易贷
0b0fe883,1,小资钱包;恒丰银行;北京正聚源通鼎信用管理有限公司
7c08d815,0,
4a95f676,0,
3d92c6e0,1,懒财网;余盆网
d39ca7cc,0,
33494ed2,1,资易贷（北京）金融信息服务有限公司;小资钱包
bd80a61b,0,
54e3032e,1,小资钱包;资易贷;易贷金融
baed6202,1,小资钱包;资易贷
5d554f05,0,
2a527f93,1,小资钱包;恒丰银行
91c031c1,1,海象理财;复华集团
e6c70157,1,懒财网;华润银行
76781cc6,0,
16bf9523,0,
8fb6c499,0,
f8b1f40f,1,金蚂蚁
66d561ac,0,
11d2513a,1,钱宝网
6f632d87,1,微博
18641d11,1,资易贷（北京）金融信息服务有限公司;小资钱包
e620b97a,1,????宜贷网;易捷金融;宜贷网
082ed856,1,摩尔龙;宜贷网
7f29e8c0,0,
0f431c4f,1,金融桥
78442cd9,0,
e8fb3148,1,百信银行;网利宝
ff3b883b,1,富民投资网
1135e917,0,
f8564c22,0,
615f1d98,1,易捷金融;宜贷网
f1e00009,1,钱宝网
86e7309f,1,易捷金融;宜贷网
2f3b5945,1,钱宝网
583c69d3,1,小资钱包;北京金融信息服务有限公司;资易贷
b63208ff,1,摩尔龙;宜贷网
28569d5c,0,
c658fc70,1,资易贷（北京）金融信息服务有限公司;小资钱包
21e0d177,1,钱宝网
56e7e1e1,1,网利宝
af2939be,0,
314dac1d,0,
df43cd31,1,得宝理财;杭州锐硕网络科技有限公司
a844fda7,1,顶呱呱贷款
4ffcd0a0,1,中佳易购;万银电子商务有限公司
1d0d3bc7,1,小资钱包;北京正聚源通鼎公司;(北京)资易贷金融信息服务有限公司
f3035aeb,1,小资钱包
1a60ffde,0,
6d67cf48,1,贝格富;长红配资;忆融速配
8369ae64,0,
13d6b3f5,0,
04160a86,1,小资钱包;恒丰银行
ea186baa,0,
037bce9f,0,
747cfe09,1,宜贷网
ed75afb3,1,小资钱包;北京资易贷
9a729f25,0,
3c50acd7,1,沃时贷
a559fd6d,0,
a2343974,1,上海联璧集团
524cad00,0,
bc42cc2c,0,
55216919,0,
2226598f,0,
bb2f0835,0,
5c972532,1,钱宝
2b9015a4,0,
976f9fef,0,
90025bf6,1,小资钱包;资易贷
607acf82,0,
177dff14,0,
f9739e38,1,易贷网;易捷金融;宜贷网
67170b9b,0,
10103b0d,1,小资钱包;北京正聚源通鼎公司;(北京)资易贷金融信息服务有限公司
89196ab7,1,仟金所
6ea147b0,1,联璧金融
19a67726,1,联璧金融
e7e2d34d,1,钱宝网
09ecb261,0,
7eeb82f7,0,
0e817678,0,
e9395b7f,1,国金宝
9e3e6be9,0,
fef9e20c,1,领投客
89fed29a,1,北京资易贷金融信息服务有限公司;小资钱包
67f0b3b6,0,
8e931683,0,
f0226a3e,1,小资钱包;恒丰银行
b474b6a6,1,易捷金融;宜贷网
c41e4229,1,普银币
23a66f2e,1,宜信惠民;宜信普惠;宜信
ad6f87e7,1,联璧金融;唐小僧
dd057368,0,
4dba6ef9,1,资易贷（北京）金融信息服务有限公司;小资钱包
684cb508,1,易捷金融;宜贷网
18264187,0,
6f217111,0,
f62820ab,0,
11900dac,1,月光宝盒
0650b4df,1,多多理财
9f59e565,1,联璧金融
763a4050,0,
7f8c0c7b,0,
d01873a2,0,
4e7ce601,1,融资城
500a1359,1,旺旺贷
270d23cf,1,易贷网;宜贷网
c90342e3,0,
ce6e86fa,0,
7b27409a,1,小资钱包;资易贷
952921b6,1,易贷网;宜贷网（原易贷网）;宜贷网
e22e1120,0,
7c4a8483,1,小资钱包;恒丰银行
02fbf83e,0,
623c71db,0,
8c3210f7,0,
fb352061,1,小资钱包;资易贷
12568554,0,
fc58e478,1,旺旺贷
1be0c97f,1,泛亚有色金属交易所
7cad3cae,1,小资钱包;资易贷;易贷金融
e2c9a90d,0,
95ce999b,1,ZJLT项目
0cc7c821,0,
fcbf5c55,1,易捷金融;宜贷网
8cd5a8da,0,
62dbc9f6,0,
c2b1ec07,1,红岭创投;投资宝
b5b6dc91,0,
2bd24932,1,360
5cd579a4,0,
c5dc281e,0,
5563358f,1,渤海创投集团;e周行网贷;金城银行;渤海智慧蜂巢众创
35a4bc6a,0,
42a38cfc,0,
acadedd0,0,
32c97873,1,芒果金融
45ce48e5,1,新华财富
dcc7195f,1,小资钱包;资易贷
abc029c9,0,
3b7f3458,0,
4c7804ce,0,
1e89efa9,0,
f0878e85,1,易贷网;宜贷网;上海易贷网金融信息服务有限公司
8780be13,1,网利宝
19e42bb0,0,
f7ea4a9c,1,昆明泛亚有色金属交易所;e租宝
80ed7a0a,1,金球所
1052679b,1,小资钱包;恒丰银行
6755570d,1,小资钱包;资易贷金融信息服务有限公司
7095ee7e,1,摩尔龙;宜贷网
e99cbfc4,0,
9e9b8f52,1,爱投资
77f82a67,0,
eef17bdd,1,小资钱包
094956da,1,乐金所;云回通宝
3fd478b9,0,
d1da1995,0,
4fbe8c36,0,
4608c01d,1,易捷金融;宜贷网
310ff08b,1,唐小僧
51c8796e,1,小资钱包;资易贷
26cf49f8,0,
56a5bd77,1,易捷金融;宜贷网
b8abdc5b,1,小资钱包
2814c1ca,1,易捷公司;摩尔龙;宜贷网
0de21a3b,1,龙腾华人财富;久上财富
94eb4b81,1,壹佰金融
7d88eeb4,0,
0a8fde22,1,资易贷（北京）金融信息服务有限公司;小资钱包
743ea29f,0,
03399209,0,
63fe1bec,0,
14f92b7a,1,安徽天合联盟科技有限公司;天合联盟
faf74a56,1,嘉盛国际
fd9a8e4f,1,中银消费金融有限公司
6d2593de,1,小资钱包
1a22a348,0,
0a68660f,1,资易贷（北京）金融信息服务有限公司;小资钱包
fd7d3662,1,小资钱包;恒丰银行
8a7a06f4,1,海象理财;复华
647467d8,1,小资钱包
141e9357,1,资易贷（北京）金融信息服务有限公司;小资钱包
f3a6be50,1,小资钱包;资易贷金融信息服务有限公司
27e3ca16,0,
50e4fa80,1,石头理财
c9edab3a,0,
57893e99,1,上海旌翀投资咨询有限公司;靓钱宝
b9875fb5,1,小资钱包;资易贷
39953f4e,1,玛卡国际
a09c6ef4,0,
472443f3,1,资易贷（北京）金融信息服务有限公司;小资钱包
62d29802,0,
fbdbc9b8,1,资易贷（北京）金融信息服务有限公司;小资钱包;恒丰银行
8cdcf92e,1,多米金融
12b86c8d,0,
65bf5c1b,1,招商贷;爱福家;徽商银行;人人爱家金融
fcb60da1,0,
8bb13d37,0,
1b0e20a6,1,小资钱包;北京正聚源通鼎信用管理有限公司
6c091030,0,
0cce99d5,1,资易贷（北京）金融信息服务有限公司;小资钱包;资易贷
e2c0f8f9,1,中佳易购
0ba35dcc,0,
e5ad3ce0,0,
75122171,1,小资钱包;恒丰银行
da865ea8,0,
3a53b7b6,0,
2d930ec5,0,
b49a5f7f,0,
c39d6fe9,0,
5df9fa4a,0,
b3f79b66,0,
544fb661,1,小资钱包;北京资易贷公司;北京正聚源公司
234886f7,1,小资钱包;(北京)资易贷金融信息服务有限公司
06be5d06,0,
76d4a989,1,联璧金融
01d3991f,1,北京资易贷金融信息服务有限公司;小资钱包;易贷金融
0865d534,0,
68a25cd1,1,手投网;钱宝网
1fa56c47,0,
86ac3dfd,0,
f1ab0d6b,1,资易贷（北京）金融信息服务有限公司;小资钱包
6fcf98c8,1,交通银行;中金公司
18c8a85e,1,联璧金融;上海市联璧电子科技有限公司
f6c6c972,1,okex
6679d4e3,1,小资钱包;资易贷金融信息服务有限公司
763311a4,1,成都易捷;摩尔龙;宜贷网
e8578407,1,eos;比特币
0659e52b,0,
715ed5bd,1,红岭创投
e1e1c82c,0,
6f2820e5,0,
1f42d46a,0,
6845e4fc,0,
f8faf96d,0,
8ffdc9fb,0,
bf28f19b,0,
3f3a9160,1,小资钱包;资易贷
483da1f6,1,资易贷（北京）金融信息服务有限公司;小资钱包
a633c0da,1,资易贷（北京）金融信息服务有限公司;小资钱包;资易贷
4f5065ef,1,小资钱包;资易贷
d6593455,1,360金融;京东金融;兴业消金;耕传承基金公司;和耕传承基金;和丰网贷
31e11952,1,小资钱包
46e629c4,1,北京资易贷金融信息服务有限公司;小资钱包
8d1e9319,0,
647d362c,0,
fd746796,0,
8a735700,0,
1acc4a91,1,小资钱包;资易贷
6dcb7a07,0,
0a6137fb,1,深圳市钱爸爸电子商务有限公司;钱爸爸
03d77bd0,1,资易贷（北京）金融信息服务有限公司;小资钱包;资易贷
74d04b46,1,懒财网;华润银行
4520a13c,0,
ab2ec010,0,
dc29f086,1,资易贷（北京）信息金融服务有限公司;小资钱包;资易贷
b5583548,1,金贝猫
5c3b907d,0,
b235f151,0,
228aecc0,0,
9918a292,0,
ee1f9204,0,
7ea08f95,0,
09a7bf03,1,e周行;渤海创投
696036e6,1,小资钱包;资易贷
1e670670,0,
6e0df2ff,0,
800393d3,0,
f704a345,1,小资钱包;资易贷
10bc8e42,0,
eef82a29,1,小资钱包;资易贷
99ff1abf,1,小资钱包;资易贷金融信息服务有限公司
00f64b05,0,
77f17b93,0,
079b8f1c,1,爱投资
709cbf8a,0,
9724928d,0,
80e42bfe,0,
19ed7a44,0,
8789efe7,0,
69878ecb,0,
8e3fa3cc,0,
7f429de7,0,
0845ad71,1,资易贷（北京）金融信息服务有限公司;小资钱包
962138d2,1,小资钱包;资易贷
782f59fe,1,黄金佳
0f286968,1,盖网
e890446f,0,
6659aca6,1,摩尔龙公司;成都易捷公司;宜贷网
8f3a0993,1,小资钱包;北京资易贷金融信息服务有限公司（简称小资钱包）
f83d3905,1,摩尔龙公司;成都易捷公司;宜贷网
613468bf,0,
868c45b8,1,聪明理财
f18b752e,0,
4d74ff65,0,
3a73cff3,1,杭州云端金融信息服务有限公司
a4175a50,1,月光宝盒
d3106ac6,1,小资钱包;资易贷
4a193b7c,1,广西弘尚节节贷集团(节节资本);节节贷
ada1167b,1,摩尔龙;宜贷网
ba61af08,0,
546fce24,1,okex
ca0b5b87,1,小资钱包;资易贷
24053aab,0,
b4ba273a,0,
82270959,1,摩尔龙;易捷金融;宜贷网
1b2e58e3,1,北银创投
6c296875,1,金陵贷;轻松易贷;佑米金融;恒利网
1c439cfa,1,徽州贷
fbfbb1fd,1,借贷云盘;迭加金服
9c51fc01,1,资易贷（北京）信息金融服务有限公司;小资钱包;资易贷
0558adbb,0,
725f9d2d,1,小资钱包;北京资易贷
e2e080bc,1,易捷金融;宜贷网
b0116bdb,0,
5e1f0af7,1,恒昌
c07b9f54,0,
30030b20,1,资易贷（北京）金融信息服务有限公司;小资钱包;资易贷
d960ae15,1,钱宝网
ae679e83,0,
376ecf39,0,
4069ffaf,1,摩尔龙;成都易捷公司;宜贷网
d0d6e23e,0,
a7d1d2a8,1,小资钱包;资易贷
2e924655,0,
29ff824c,1,速贷网
b0f6d3f6,0,
574efef1,1,小资钱包;资易贷
2049ce67,1,小资钱包
408e4782,1,小资钱包
37897714,1,易捷金融;宜贷网
ae8026ae,1,北京东方财蕴金融信息服务有限公司
d9871638,1,红岭创投;投资宝
a9ede2b7,0,
deead221,0,
4e55cfb0,1,上海旌翀投资咨询有限公司;靓钱宝
3952ff26,0,
0987c746,1,宜贷网（原易贷网）;宜贷网
97e352e5,0,
e0e46273,0,
0eea035f,1,小资钱包;恒丰银行
fe92972b,1,小资钱包;恒丰银行
679bc691,1,摩尔龙;川融
60f60288,0,
17f1321e,1,小资钱包;恒丰银行
f0491f19,0,
d5bfc4e8,0,
4cb69552,1,资易贷（北京）金融信息服务有限公司;小资钱包
3bb1a5c4,1,摩尔龙;宜贷网
a5d53067,1,易捷金融;宜贷网
4bdb514b,0,
3cdc61dd,0,
ac637c4c,0,
db644cda,1,钱宝
bba3c53f,0,
cca4f5a9,1,海象理财
55ada413,1,淘宝
cbc931b0,1,海象理财
f4e253f8,1,资易贷（北京）信息金融服务有限公司;小资钱包;恒丰银行;易贷金融
1aec32d4,1,钱宝
f38f97e1,0,
1d81f6cd,0,
fa39dbca,1,爱投资
edf962b9,0,
9afe522f,0,
03f70395,0,
9d939636,1,摩尔龙;宜贷网
049ac78c,1,成都易捷金融;上海宜贷网
739df71a,1,口贷网
e322ea8b,1,摩尔龙公司;宜贷网
9425da1d,0,
c6d4317a,0,
b1d301ec,1,海南如意岛公司;中弘股份;海南如意岛旅游度假投资有限公司
28da5056,1,华夏信财;涛昂金融
c1b9f563,1,小资钱包;北京资易贷金融信息服务有限公司（简称小资钱包）
c80fb948,1,联璧金融;斐讯;钱端
bf0889de,0,
dfcf003b,0,
a8c830ad,0,
31c16117,0,
d8a2c422,1,瑞波联储
afa5f4b4,0,
36aca50e,0,
283de87b,1,易捷金融;宜贷网
568c94c6,1,钱宝网
218ba450,0,
414c2db5,1,小资钱包;北京资易贷公司;北京正聚源公司
364b1d23,0,
af424c99,0,
d8457c0f,1,泓裕国际
a82f8880,0,
e5cf1833,0,
0bc1791f,0,
e2a2dc2a,1,深圳市钱爸爸电子商务有限公司;钱爸爸
fcd42972,1,钱宝财
65dd78c8,1,资易贷（北京）金融信息服务有限公司;小资钱包
12da485e,0,
8cbeddfd,1,小资钱包;北京资易贷金融信息服务有限公司（简称小资钱包）
fbb9ed6b,1,小资钱包;恒丰银行
f20fa140,1,小资钱包;资易贷金融信息服务有限公司
a0fe4a27,0,
d7f97ab1,1,华夏信财;小米金融
4ef02b0b,1,金盛环球
39f71b9d,1,联金所;壹佰金融;东方银座
499def12,1,云金融;万源农村小额贷款有限公司与沈秋云
ae25c215,1,爱定投;MG
c98f8fe9,1,资易贷（北京）金融信息服务有限公司;小资钱包
5086de53,1,冠群驰骋;冠e通
2781eec5,1,小资钱包;恒丰银行;资易贷
c039c3c2,1,易捷金融;宜贷网
f6a4eda1,0,
81a3dd37,1,海象理财
f1c929b8,0,
86ce192e,0,
1fc74894,1,渤海创投集团;e周行网贷;金城银行;渤海智慧蜂巢众创
98b8ec76,0,
9fd5286f,1,资易贷（北京）金融信息服务有限公司;小资钱包;资易贷
e16454d2,1,冠群驰骋
c4928f23,1,懒财网;余盆网
b4f87bac,1,易捷金融;宜贷网
2df12a16,0,
5af61a80,0,
bd4e3787,1,唐小僧;资邦（上海）投资控股有限公司
aa8e8ef4,0,
d3523650,1,海象理财
2d16923b,1,资易贷（北京）金融信息服务有限公司;小资钱包
b41fc381,0,
c475370e,1,火币
54ca2a9f,0,
430a93ec,0,
340da37a,1,钱宝网
aa6936d9,0,
dd6e064f,1,钱宝网
4dd11bde,1,中融民信
3ad62b48,1,小资钱包
930a4292,0,
0a031328,0,
7a69e7a7,1,小资钱包;资易贷
8a1173d3,0,
fd164345,1,泛亚有色金属交易所股份有限公司;天浩稀贵金属股份有限公司
641f12ff,1,信和大金融
fa7b875c,1,海象理财;复华
1475e670,0,
84cafbe1,0,
4f32413c,1,钱宝
383571aa,1,资易贷（北京）金融信息服务有限公司;小资钱包;恒丰银行
a651e409,1,宜贷网
d156d49f,0,
485f8525,0,
afe7a822,0,
cf2021c7,1,普银
5144b464,0,
8061b700,1,上海平安普惠小额贷款公司
f00b438f,1,昆明泛亚有色金属交易所;e租宝
1e0522a3,0,
69021235,1,摩尔龙;成都易捷公司;????宜贷网
f9bd0fa4,0,
997a8641,0,
e91072ce,0,
071e13e2,1,小资钱包;资易贷
e0a63ee5,0,
b257d582,0,
2b5e8438,1,资易贷（北京）金融信息服务有限公司;小资钱包
5c59b4ae,1,泛亚有色金属交易所
2c334021,0,
5b3470b7,0,
cb8b6d26,0,
dc4bd455,1,红岭创投;陆金所
3245b579,1,资易贷（北京）信息金融服务有限公司;小资钱包;资易贷
db26104c,0,
35287160,0,
d2905c67,0,
a5976cf1,0,
c2da9920,1,昆明泛亚有色金属交易所;e租宝
5cbe0c83,0,
b2b06daf,1,汇聚财富
220f703e,0,
35cfc94d,1,北京资易贷金融信息服务有限公司;小资钱包
dbc1a861,1,fomo3d
dcac6c78,1,钱宝网
4c1371e9,0,
784b353b,1,钱宝网
0f4c05ad,1,泊洋金融;信通;小胖理财;银承猫;慧米财富
7f26f122,0,
0821c1b4,1,津贵所
989edc25,1,小资钱包;易资贷;资易贷
ef99ecb3,1,光彩玖玖;远达财富
8f5e6556,1,中融国华;宋财聚宝;久信e贷;资管公社
6150047a,0,
165734ec,0,
ff3491d9,0,
113af0f5,0,
f682ddf2,0,
a4733695,0,
d3740603,0,
4d1093a0,0,
536666f8,0,
2461566e,1,隆盈天下
540ba2e1,1,小资钱包;恒丰银行
b3b38fe6,0,
c4b4bf70,1,北京易商通科技有限公司
852ea185,0,
1c27f03f,1,北京易商通科技有限公司
8243659c,0,
1b4a3426,0,
6c4d04b0,1,爱多银;艾慕杰信息技术有限公司
eb32a052,1,钱宝网
9c3590c4,0,
053cc17e,0,
723bf1e8,0,
ec5f644b,0,
9b5854dd,0,
e5e92860,0,
92ee18f6,1,陨石地带
c01ff391,1,闽发证券;中国东方资产管理公司
2e1192bd,0,
5916a22b,0,
c7723788,1,海象理财
297c56a4,0,
370aa3fc,1,海象理财
400d936a,0,
a96e365f,0,
306767e5,0,
a0d87a74,0,
5e9cde1f,1,众金所;钱端;深圳招行
299bee89,1,深圳高新盛
c7958fa5,1,易简贷
59f11a06,0,
b7ff7b2a,0,
5047562d,0,
274066bb,1,小资钱包;资易贷
4787ef5e,0,
de8ebee4,0,
37ed1bd1,0,
aee44a6b,1,资易贷（北京）金融信息服务有限公司;小资钱包
3e5b57fa,1,小资钱包;恒丰银行;北京正聚源通鼎信用管理有限公司
e0800eb6,1,小资钱包;资易贷
e7edcaaf,1,小资钱包;恒丰银行
7ee49b15,1,GAGFX金石外汇
995cb612,1,红岭创投
ee5b8684,0,
f99b3ff7,1,小资钱包;恒丰银行;资易贷
17955edb,1,资易贷（北京）金融信息服务有限公司;小资钱包
f740b7c5,0,
a5b15ca2,1,小资钱包
3cb80d18,1,小资钱包
3bd5c901,0,
ab6ad490,0,
dc6de406,1,小资钱包;资易贷
bcaa6de3,1,毕投金服;好麦金融
52a40ccf,0,
25a33c59,0,
ccc0996c,1,资易贷（北京）金融信息服务有限公司;小资钱包
22cef840,0,
c576d547,0,
f3ebfb24,1,光彩集团;名车贷
83810fab,1,小资钱包;恒丰银行;资易贷
1a885e11,0,
6d8f6e87,1,摩尔龙;成都易捷公司;????宜贷网
fd307316,0,
eaf0ca65,0,
9df7faf3,1,聚财猫;联璧金融
ed9d0e7c,1,钱宝网
74945fc6,0,
c1dd99a6,0,
b6daa930,1,中佳易购
2fd3f88a,1,雅堂金融
c6b05dbf,1,北京资易贷金融信息服务有限公司;小资钱包
28be3c93,1,红岭创投;投资宝
cf061194,0,
b8012102,0,
d8c6a8e7,1,杭州满溢网络科技有限公司;来存吧
36c8c9cb,1,多米金融
41cff95d,0,
dfab6cfe,1,小资钱包;资易贷(北京)金融信息服务有限公司;资易贷
46a23d44,1,资易贷（北京）金融信息服务有限公司;小资钱包
d61d20d5,0,
5f5eb428,0,
b150d504,0,
c657e592,1,联璧金融;上海斐讯
58337031,0,
2f3440a7,1,懒财网;余盆网
c13a218b,0,
3142b5ff,0,
a84be445,0,
41284170,0,
3f993dcd,1,深圳市钱爸爸电子商务有限公司
95c18079,1,钱宝网
92ac4460,1,小资钱包;北京正聚源通鼎公司;(北京)资易贷金融信息服务有限公司
7ca2254c,1,????宜湃网;宜贷网
0ba515da,0,
9b1a084b,0,
ec1d38dd,0,
15d3e082,1,小资钱包;恒丰银行;资易贷
8bb77521,1,小资钱包;资易贷
fcb045b7,1,小资钱包
65b9140d,1,壹佰金融
12be249b,0,
f506099c,0,
a7f7e2fb,0,
d0f0d26d,0,
49f983d7,0,
3efeb341,1,小资钱包;资易贷(北京)金融信息服务有限公司
a09a26e2,1,小资钱包;易资贷;资易贷
d79d1674,0,
de2b5a5f,0,
50e2b296,1,小资钱包;资易贷
27e58200,1,和融天下;台州翱晟投资公司
b98117a3,1,超银网贷
ce862735,1,网银在线(北京)科技有限公司;京东金融;京东支付
b0375b88,1,以太坊
86aa75eb,1,联璧金融;上海联璧电子科技（集团）有限公司
81c7b1f2,0,
18cee048,1,聚财宝;聚享游
6fc9d0de,0,
ff76cd4f,1,?宜贷网;易捷金融;宜贷网
8871fdd9,1,小资钱包
e8b6743c,1,懒财网;余盆网
9fb144aa,0,
71bf2586,1,资易贷（北京）金融信息服务有限公司;小资钱包
76d2e19f,0,
e66dfc0e,0,
c39b27ff,1,昆明泛亚有色金属交易所;e租宝
b49c1769,0,
5a927645,1,小资钱包
5dffb25c,0,
ba479f5b,0,
348e7792,0,
43894704,0,
ddedd2a7,1,云联惠
aaeae231,1,资易贷（北京）金融信息服务有限公司;小资钱包
44e4831d,1,旺旺贷
2a1f3ae7,1,小资钱包;资易贷
b3166b5d,1,红岭创投;草根金融
2d72fefe,0,
53c38243,1,联璧金融;唐小僧;雅堂金融;钱宝
24c4b2d5,0,
aa0d5a1c,1,唐小僧
dd0a6a8a,1,摩尔龙;成都易捷公司;宜贷网
3469cfbf,0,
da67ae93,0,
3ddf8394,0,
e304dad8,1,资易贷（北京）金融信息服务有限公司;小资钱包
936e2e57,1,资易贷（北京）金融信息服务有限公司;小资钱包
e4691ec1,0,
9ad8627c,1,钱宝网
eddf52ea,0,
fa1feb99,0,
6316ba23,1,小资钱包;资易贷
fd722f80,0,
647b7e3a,0,
83c3533d,1,小资钱包;资易贷
f4c463ab,1,恒富金融集团;恒富金融
a63588cc,0,
a1584cd5,1,资易贷（北京）金融信息服务有限公司;小资钱包
d65f7c43,1,有融网
4f562df9,0,
38511d6f,1,深圳高新盛创投电子商务有限公司
a8ee00fe,0,
dfe93068,0,
b1f531bf,1,摩尔龙;成都易捷公司;????宜贷网
c6f20129,1,易捷金融;宜贷网
f06f2f4a,0,
1e614e66,1,北京资易贷金融信息服务有限公司;小资钱包
69667ef0,1,易贷网;宜贷网
f702eb53,1,百信银行;网利宝
8005dbc5,1,钱宝
e9741e0b,1,深圳市钱爸爸电子商务有限公司;钱爸爸
077a7f27,0,
e7af9639,1,小资钱包
90a8a6af,1,前海懒财主金融;海懒财主金融信息服务（深圳）有限公司
c2594dc8,1,资易贷（北京）金融信息服务有限公司;小资钱包
2c572ce4,1,小资钱包;恒丰银行;北京正聚源通鼎公司
5b501c72,1,小资钱包;资易贷
b233b947,0,
5c3dd86b,1,海象理财;复华
ac454c1f,1,壹佰金融
354c1da5,1,小资钱包;恒丰银行;资易贷
424b2d33,0,
a29ec42d,1,融金所
5cda6046,1,麒麟金融集团有限公司
2bdd50d0,1,摩尔龙;成都易捷公司;宜贷网
b2d4016a,0,
5bb7a45f,1,创富金融;国付宝
2cb094c9,1,上海中赢金融信息服务有限公司
c2bef5e5,1,小资钱包;资易贷
5201e874,1,小资钱包;云端金融
32c66191,0,
dcc800bd,0,
42ac951e,1,嗷呜宝
35aba588,0,
dba5c4a4,1,资易贷（北京）金融信息服务有限公司;小资钱包
3c1de9a3,1,人人公益
9f5fad73,1,资易贷（北京）金融信息服务有限公司;小资钱包
e8589de5,1,小资钱包;资易贷
0656fcc9,1,易捷金融;宜贷网
763c0846,0,
e68315d7,0,
86449c32,0,
f143aca4,1,宜贷网
1f4dcd88,0,
8129582b,1,小资钱包;资易贷
f62e68bd,1,资易贷（北京）金融信息服务有限公司;小资钱包
889f1400,1,e租宝;泛亚有色金属交易所
ff982496,0,
da6eff67,1,北京资易贷金融信息服务有限公司;小资钱包
aa040be8,0,
a3b247c3,1,毕投金服;好麦金融
b472feb0,1,长征财富资产管理有限公司宝应支公司
b31f3aa9,1,小资钱包;资易贷(北京)金融信息服务有限公司;资易贷
c4180a3f,0,
baa97682,1,易捷金融;宜贷网
cdae4614,0,
fb336877,1,小米金融
153d095b,0,
623a39cd,1,上海易贷网金融信息公司;宜贷网
fc5eac6e,0,
8b599cf8,1,小资钱包
1250cd42,0,
6557fdd4,1,资易贷（北京）金融信息服务有限公司;小资钱包
f5e8e045,1,江苏联宝订单信息科技发展有限公司
7b21088c,0,
7c4ccc95,0,
9bf4e192,1,银坊金融;金融集
c9050af5,0,
ce68ceec,0,
57619f56,1, (北京)资易贷金融信息服务有限公司;小资钱包
c7de82c7,0,
d01e3bb4,0,
a7190b22,0,
49176a0e,1,海象理财;复华;财兜
d773ffad,1,资易贷（北京）金融信息服务有限公司;小资钱包;资易贷
a074cf3b,0,
397d9e81,1,有脉金控
4e7aae17,1,宜信尊享
a9c28310,1,资易贷（北京）信息金融服务有限公司;小资钱包;恒丰银行;易贷金融
5786277b,0,
b9884657,1,川惠财富
ce8f76c1,0,
50ebe362,1,小资钱包;恒丰银行;北京资易贷
bee5824e,1,小资钱包;北京资易贷公司（小资钱包);资易贷;北京正聚源公司
595daf49,0,
2e5a9fdf,0,
399a26ac,0,
a0937716,1,红岭创投
d7944780,0,
3ef7e2b5,1,懒财网;余盆网
d0f98399,1,真融宝;拍拍贷
9e9dc744,1,壹佰金融
079496fe,1,博邦商城
eef733cb,0,
77fe6271,0,
f081c693,1,中润银通投资(北京)有限公司
69889729,1,资易贷（北京）金融信息服务有限公司;小资钱包
80eb321c,0,
19e263a6,1, (北京)资易贷金融信息服务有限公司;小资钱包
fe5a4ea1,0,
42a5c4ea,0,
35a2f47c,1,陕西金辉投资管理有限公司
a2702df4,0,
d5771d62,1,旺旺贷
c2b7a411,0,
2cb9c53d,0,
b2dd509e,0,
5cd331b2,1,原子金融;fx;onefx;fx福克斯
2bd40124,0,
bb6b1cb5,0,
14ff636c,0,
63f853fa,1,工银金融;众可贷
fd9cc659,0,
649597e3,1,易捷金融;宜贷网
f42a8a72,1,中兴财富
e3ea3301,0,
e487f718,1,易捷金融;宜贷网
9a368ba5,1,沃时贷
51ce3178,1,得宝理财;杭州锐硕网络科技有限公司
cfaaa4db,0,
c61ce8f0,1,盛泰投资
b11bd866,0,
d1dc5183,0,
3fd230af,1,联璧金融;斐讯;京东
38bff4b6,0,
df07d9b1,0,
a800e927,1,宜贷网;上海易贷网金融信息服务有限公司
b84a2c60,1,小资钱包;恒丰银行; 资易贷(小资钱包）
bf27e879,1,资易贷（北京）金融信息服务有限公司;小资钱包
c820d8ef,1,爱达财富;阳光黔贷;拍拍贷;玖财通;阳关黔贷;宜贷网
a1511d21,1,宜贷网;上海易贷网金融信息服务有限公司
d13be9ae,1,易捷金融;宜贷网
4184f43f,1,小资钱包;北京资易贷;资易贷
c92fec9d,1,壹佰金融
be28dc0b,1,小资钱包;资易贷
ce422884,0,
b9451812,0,
204c49a8,1,海象理财;复华
d034dddc,1,360借条;融360
4e50487f,1,小资钱包
deef55ee,0,
a9e86578,1,传信和大金融
8c1ebe89,1,宜贷网
127a2b2a,0,
82c536bb,0,
e202bf5e,0,
95058fc8,1,资易贷（北京）金融信息服务有限公司;小资钱包
0c0cde72,0,
92684bd1,1,壹佰金融
7c662afd,0,
434d48b5,1,创客金融
aa2eed80,1,小资钱包;恒丰银行;资易贷(小资钱包）
3327bc3a,1,e租宝;钱宝网;钱宝
d49f913d,0,
b45818d8,1,石头理财
c35f284e,1,壹佰金融
2d514962,0,
c432ec57,0,
ba8390ea,0,
cd84a07c,1,网乐贷
9f754b1b,1,小资钱包
717b2a37,1,海象理财;复华
98188f02,0,
7616ee2e,1,摩尔龙公司;成都易捷公司;宜贷网
0111deb8,1,壹佰金融
91aec329,1,懒财网;懒财宝
e6a9f3bf,1,有脉金控
1f672be0,1,易捷金融;宜贷网
8103be43,0,
180aeff9,0,
01f66695,0,
76f15603,1,????宜湃网;宜贷网
98ff372f,1,资易贷（北京）金融信息服务有限公司;小资钱包;恒丰银行
9f92f336,0,
0f2deea7,0,
6fea6742,1,联璧金融;斐讯;京东
f6e336f8,1,资易贷（北京）信息金融服务有限公司;小资钱包;恒丰银行;资易贷
81e4066e,1,深圳市钱爸爸电子商务有限公司;钱爸爸
1f8093cd,1,上海长江联合
6887a35b,0,
8689c277,1,小资钱包;资易贷
6131ef70,0,
c8ed86aa,1,小资钱包;资易贷
bfeab63c,0,
cf8042b3,0,
56891309,1,博邦商城
c6360e98,1,麒麟金融集团有限公司
d1f6b7eb,0,
48ffe651,1,易捷金融;宜贷网
a19c4364,1,资易贷（北京）金融信息服务有限公司;小资钱包
4f922248,0,
df2d3fd9,0,
fadbe428,1,小资钱包;资易贷
14d58504,1,助商贷;助商金服
63d2b592,0,
f4006c1a,1,钱包网
83075c8c,0,
e3c0d569,1,波场;eos
7ac984d3,0,
e4ad1170,1,夸克金融
93aa21e6,0,
ed1b5d5b,1,金贝猫
9a1c6dcd,1,威锯危来科技
ac8143ae,1,富华东路;银河绍兴
db867338,1,摩尔龙;成都易捷公司;宜贷网
428f2282,1,悟空理财;e租宝;玖富
35881214,0,
abec87b7,1,钱宝网
32e5d60d,1,高仕华金融
a25acb9c,0,
5b9413c3,1,小资钱包;北京正聚源通鼎公司;(北京)资易贷金融信息服务有限公司
5cf9d7da,1,易米融
2bfee74c,1,钱宝网
bb41fadd,0,
e9b011ba,1,壹佰金融
07be7096,0,
99dae535,1,易捷金融;宜贷网
77d48419,1,资易贷（北京）金融信息服务有限公司;小资钱包
906ca91e,1,ppmoney
87ac106d,0,
f0ab20fb,1,瑞波联储;钱包
69a27141,1,小资钱包
1ea541d7,0,
f7c6e4e2,1,小资钱包;资易贷
6ecfb558,1,普银币
19c885ce,0,
8977985f,1,igofx平台
e957a997,0,
9e509901,0,
6e280d75,1,汇联金融
f7215ccf,1,善xh;幸福100;龙爱量子项目;兴中天
80266c59,1,小资钱包;资易贷(北京)金融信息服务有限公司
1e42f9fa,0,
6945c96c,1,聚财猫;裕干金融;投资人网
f04c98d6,0,
874ba840,0,
60f38547,0,
caab38f3,1,小资钱包;北京资易贷金融信息服务有限公司（简称小资钱包）
bdac0865,0,
53a26949,1,资易贷（北京）金融信息服务有限公司;小资钱包
cdc6fcea,1,易捷;摩尔龙;宜贷网
23c89dc6,0,
3dbe689e,1,绿化贷;壹佰金融
4ab95808,0,
a3dafd3d,0,
dd6b8180,0,
aa6cb116,0,
8f9a6ae7,1,易捷公司;摩尔龙;宜贷网
61940bcb,1,北京资易贷金融信息服务有限公司;小资钱包
fff09e68,0,
f646d243,0,
e1866b30,0,
08e5ce05,0,
985ad394,1,鞍钢股份;包商银行
aec7fdf7,1,okex
40c99cdb,0,
a9aa39ee,1,资易贷（北京）金融信息服务有限公司;小资钱包
30a36854,0,
d71b4553,0,
c0dbfc20,0,
5ebf6983,0,
29b85915,1,月光宝盒
9cf19f75,0,
05f8cecf,0,
9b9c5b6c,1,资易贷（北京）金融信息服务有限公司;小资钱包
75923a40,1,资易贷（北京）金融信息服务有限公司;小资钱包
e52d27d1,1,联璧金融
1ce3ff8e,1,钱宝网
f5805abb,0,
6c890b01,0,
7575826d,1,小资钱包;资易贷
9b7be341,0,
72184674,1,资易贷（北京）金融信息服务有限公司;小资钱包;资易贷
0ca93ac9,1,金贝猫
7bae0a5f,1,普银币
1c0447a3,1,魔袋金融信息服务（上海）有限公司;魔袋金融
6b037735,1,米袋
f20a268f,0,
850d1619,1,e租宝;网利宝
62b53b1e,1,联金所;小微金服;壹佰金融
cb6952c4,1,小资钱包;资易贷(北京）金融信息有限公司
550dc767,0,
c5b2daf6,0,
3c7c02a9,1,资易贷（北京）金融信息服务有限公司;小资钱包
a218970a,1,黄金佳
3b11c6b0,1,小资钱包;资易贷
4c16f626,0,
dca9ebb7,1,旺旺贷
abaedb21,1,资易贷（北京）金融信息服务有限公司;小资钱包;恒丰银行
8e5800d0,1, (北京)资易贷金融信息服务有限公司;小资钱包
1751516a,0,
605661fc,0,
fe32f45f,0,
8935c4c9,1,钱海湾
103c9573,0,
f784b874,0,
97433191,0,
794d50bd,0,
0927a432,1,i财富;深圳前海大福资本管理有限公司
7e2094a4,1,摩尔龙;宜贷网
9998b9a3,1,上海易贷网金融信息公司;宜贷网
af0597c0,1,比邻互助
d802a756,0,
410bf6ec,0,
360cc67a,0,
df6f634f,1,小资钱包;资易贷;资易贷（北京）金融信息服务公司
31610263,1,资易贷（北京）金融信息服务有限公司;小资钱包
d6d92f64,0,
c1199617,0,
b1736298,1,信托100
c674520e,0,
5f7d03b4,1,长投在线;瀚曦投资;兴源投资
b8c52eb3,1,小资钱包;恒丰银行;资易贷
cfc21e25,1,小资钱包;恒丰银行
9d33f542,0,
043aa4f8,1,摩尔龙;宜贷网
9a5e315b,0,
ed5901cd,0,
035760e1,1,资易贷（北京）金融信息服务有限公司;小资钱包;恒丰银行
e4ef4de6,1,钱宝
8428c403,1,聚财猫;小资钱包;恒丰银行;北京银行;包商银行
6a26a52f,0,
1d2195b9,0,
f442308c,1,资易贷（北京）金融信息服务有限公司;小资钱包
1a4c51a0,1,北银创投
8af34c31,1,合贝金服
fdf47ca7,0,
74b7e85a,1,小资钱包
edbeb9e0,1,得宝理财;杭州锐硕网络科技有限公司
04dd1cd5,0,
ead37df9,0,
9dd44d6f,0,
0d6b50fe,1,小资钱包;资易贷金融信息服务有限公司
7a6c6068,0,
83a2b837,0,
1dc62d94,1,普银币
6ac11d02,1,fomo3d
f3c84cb8,1,小资钱包;北京正聚源通鼎公司;(北京)资易贷金融信息服务有限公司
147061bf,0,
ce264441,0,
572f15fb,1,天津源丰财富生活网络信息服务有限公司;e周行;天津渤海创投集团
be4cb0ce,0,
5042d1e2,1,小资钱包
c0fdcc73,0,
a03a4596,1,钱宝网
3933142c,1,银票网
a757818f,0,
fc1026c3,1,地浓金融;浙江昕昕资产管理有限公司
121e47ef,0,
fb7de2da,1,资易贷（北京）金融信息服务有限公司;小资钱包
157383f6,0,
6274b360,0,
85cc9e67,0,
e50b1782,1,国付宝;联动优势
9561e30d,1,深圳市钱爸爸电子商务有限公司;钱爸爸
0c68b2b7,0,
ebd09fb0,1,成都易捷;摩尔龙;宜贷网
aa4a8145,0,
dd4db1d3,1,京贷网;万国资本
43292470,0,
b351b004,1,红岭创投;每经网;草根金融
c4568092,1,普银币
5d5fd128,1,乐网贷
2a58e1be,1,石头理财
b43c741d,0,
bd8a3836,0,
987ce3c7,0,
ef7bd351,1,北京资易贷金融信息服务有限公司;小资钱包
767282eb,0,
9f1127de,1,普银币
711f46f2,1,钱宝网
06187664,1,上海中赢金融信息服务有限公司
96a76bf5,1,摩尔龙公司;成都易捷公司;宜贷网
8167d286,1,钱宝网
f10d2609,1,三农金服;深圳三农金服;钱宝网
680477b3,1,联璧金融;斐讯;京东
1f034725,0,
8fbc5ab4,0,
f8bb6a22,0,
06ffce49,1,资易贷（北京）金融信息服务有限公司;小资钱包;恒丰银行
71f8fedf,0,
989b5bea,0,
0824467b,0,
1fe4ff08,1,e租宝;钱站;友信;玖富恒昌
86edaeb2,1,ppmoney
18893b11,1,财富联;外滩云财富
6f8e0b87,1,小资钱包;恒丰银行;资易贷
81806aab,0,
113f773a,0,
bf8edaf9,1,资易贷（北京）金融信息服务有限公司;小资钱包
26878b43,1,花旗
5180bbd5,0,
c13fa644,0,
d6ff1f37,0,
d192db2e,1,小资钱包;恒丰银行;资易贷
489b8a94,0,
d8249705,0,
fdd24cf4,0,
8ad57c62,1,小资钱包;资易贷
fabf88ed,1,小资钱包;资易贷
8db8b87b,0,
14b1e9c1,1,北京资易贷金融信息服务有限公司;小资钱包
63b6d957,1,小资钱包;恒丰银行;资易贷
f309c4c6,0,
e3a4b9ac,1,小资钱包;恒丰银行
7aade816,1,中佳易购;万银电子商务有限公司
ab88eb72,0,
45868a5e,0,
ace52f6b,1,atfx
42eb4e47,1,摩尔龙公司;成都易捷公司;宜贷网
35ec7ed1,1,小资钱包;资易贷
a5536340,1,红岭创投;草根金融;红岭控股
d25453d6,1,钱包金融
b293da33,1,小资钱包;资易贷(北京)金融信息服务有限公司
c594eaa5,0,
5c9dbb1f,1,红岭创投;中国华融;中国信达;中国东方资产;中国长城资产
2b9a8b89,0,
5bf07f06,1,快易借;机有米;闪到;丁丁贷;速贷宝;天天贷;小肥羊;皮皮花;复兴宝
77b0e8dc,0,
00b7d84a,1,摩尔龙;宜贷网
e9d47d7f,0,
6eabd99d,0,
19ace90b,0,
87c87ca8,1,小资钱包
f0cf4c3e,1,小资钱包
69c61d84,1,小资钱包
1ec12d12,0,
9e34f5c4,1,小资钱包;恒丰银行;北京资易贷
00506067,1,小资钱包;资易贷
775750f1,1,世纪贷互联网金融服务有限公司;世纪金服
995931dd,0,
09e62c4c,0,
6921a5a9,1,江苏联宝订单信息科技发展有限公司;江苏联宝公司
f028f413,1,钱宝网
6e4c61b0,1,小资钱包;恒丰银行;资易贷
8042009c,0,
10fd1d0d,1,随行付支付有限公司山西分公司
67fa2d9b,0,
baa5a0b9,1,小资钱包
23acf103,1,普惠金融
54abc195,1,微信支付
cacf5436,1,资易贷（北京）金融信息服务有限公司;小资钱包
bdc864a0,1,小资钱包;资易贷
53c6058c,1,众金所;钱端;深圳招行
3ab7c042,0,
d3d46577,1,健康猫
3dda045b,1,成都易捷金融;成都宜贷网;上海宜贷网;宜贷网
4add34cd,0,
ad6519ca,0,
8893c23b,1,北京资易贷金融信息服务有限公司;小资钱包
119a9381,1,资易贷（北京）金融信息服务有限公司;小资钱包
669da317,1,金融桥
e68fc3ec,0,
0881a2c0,0,
7f869256,1,小资钱包;北京正聚源通鼎公司;(北京)资易贷金融信息服务有限公司
e1e207f5,1,易捷金融;宜贷网
78eb564f,0,
e8544bde,1,懒财网;余盆网
9f537b48,0,
a9ce552b,1,资易贷（北京）金融信息服务有限公司;小资钱包;恒丰银行
dec965bd,0,
47c03407,0,
30c70491,1,罗麦科技
aea39132,0,
37aac088,1,e周行
a715dd19,1,盖网
c7d254fc,0,
b7b8a073,0,
c0bf90e5,0,
59b6c15f,0,
be0eec58,1,北京银行;????聚财猫
9bf837a9,1,e租宝;金谷财行;国商金融
ecff073f,1,小资钱包;恒丰银行
02f16613,1,小资钱包;恒丰银行;资易贷
059ca20a,1,资易贷（北京）金融信息服务有限公司;小资钱包
e2248f0d,1,金元证券
f5e4367e,0,
6ced67c4,0,
858ec2f1,1,易捷金融;宜贷网
6b80a3dd,1,摩尔龙;宜贷网
1c87934b,0,
fb3fbe4c,1,钱宝网
0216de3e,1,小资钱包;恒丰银行
ec18bf12,0,
0ba09215,0,
1c602b66,1,小资钱包;资易贷
6b671bf0,1,猴子理财;创客金融
6c0adfe9,0,
f5038e53,1,小资钱包
12bba354,1,易捷金融;宜贷网
65bc93c2,1,健康猫
bb67ca8e,0,
226e9b34,1,小资钱包;资易贷
5569aba2,1,钱宝网
cb0d3e01,1,钱宝网;钱宝
bc0a0e97,0,
25035f2d,1,微粒贷;????滴水贷;滴水贷
52046fbb,1,资易贷（北京）金融信息服务有限公司;小资钱包
a27cfbcf,1,冠群驰聘;冠群驰骋
3b75aa75,0,
4c729ae3,0,
d2160f40,0,
a5113fd6,0,
4b1f5efa,1,资易贷（北京）金融信息服务有限公司;小资钱包
fe56989a,1,爱钱进
8951a80c,1,招商银行;众金所;钱端
1058f9b6,0,
675fc920,1,小资钱包;资易贷金融信息服务有限公司
8e3c6c15,1,宜贷网
60320d39,1,小资钱包;(北京)资易贷金融信息服务有限公司
f08d10a8,0,
e74da9db,0,
7e44f861,0,
9e91117f,1,小资钱包;资易贷金融信息服务有限公司
a80c3f1c,1,资易贷（北京）金融信息服务有限公司;小资钱包
31056ea6,1,小资钱包;恒丰银行;资易贷
d866cb93,0,
a6d7b72e,1,36氪;36氪股权众筹
281e5fe7,1,信和大金融
c17dfad2,1,钱包金融
c8cbb6f9,1,小资钱包;易资贷;资易贷
9a3a5d9e,0,
ed3d6d08,1,小资钱包;资易贷
03330c24,1,恒富金融集团;恒富金融
9d579987,1,小资钱包;资易贷
ea50a911,1,小资钱包;北京正聚源通鼎公司;(北京)资易贷金融信息服务有限公司
7359f8ab,1,国付宝
e3e6e53a,1,小资钱包;北京资易贷
1a283d65,0,
844ca8c6,0,
6a42c9ea,1,小资钱包;资易贷
1d45f97c,0,
8dfae4ed,0,
04b97010,1,摩尔龙;宜贷网
eab7113c,1,麻袋财富
9db021aa,1,小资钱包;恒丰银行;资易贷
eddad525,1,仟金所
9adde5b3,1,厦门创宏利商务咨询有限公司
0a62f822,1,好享贷;交通银行
7d65c8b4,1,小资钱包;资易贷
6aa571c7,0,
f3ac207d,1,钱宝网
84ab10eb,0,
f4c1e464,1,深圳市钱爸爸电子商务有限公司;钱爸爸
c73cbd25,0,
b03b8db3,0,
c051793c,1,海象理财;复华
bee00581,1,快易借;机有米;闪到;钱太太;速贷宝;天天花;小肥羊;融360
de278c64,1,成都易捷金融;上海宜贷网;宜贷网
d94a487d,0,
ae4d78eb,1,小资钱包
404319c7,0,
f50adfa7,1,资易贷（北京）金融信息服务有限公司;小资钱包
820def31,1,联璧金融;斐讯
1b04be8b,1,懒财网
6c038e1d,0,
1c697a92,1,联璧金融;唐小僧
021f8fca,1,小资钱包;恒丰银行;资易贷
7518bf5c,0,
9c7b1a69,1,信和大金融
05724bd3,1,小资钱包;(北京)资易贷金融信息服务有限公司
e2ca66d4,1,唐小僧;e租宝;资邦（上海）投资控股有限公司
a3507821,0,
d45748b7,0,
3a59299b,0,
d33a8cae,1,i财富;联璧金融
4a33dd14,0,
3d34ed82,0,
ad8bf013,1,陆金所;重庆惠民金融服务公司
da8cc085,0,
5445284c,1,小资钱包
234218da,0,
bd268d79,0,
ca21bdef,0,
5328ec55,1,信和大金融
242fdcc3,0,
b490c152,1,小资钱包
c397f1c4,1,国美;苏宁金融
7805bf96,1,小资钱包;资易贷
9fbd9291,1,广州海印互联网小额贷款有限公司
887d2be2,1,钱宝网
ff7a1b74,1,冠群驰骋;冠e通
66734ace,0,
11747a58,1,海象理财;复华集团
611e8ed7,1,摩尔龙;成都易捷公司;宜贷网
1619be41,1,湖商贷
86a6a3d0,0,
78e207bb,0,
96ec6697,1,玖富
7f8fc3a2,1,资易贷（北京）金融信息服务有限公司;小资钱包
61f936fa,0,
f8f06740,1,火星投资
8ff757d6,1,中赢投资
6694f2e3,1,昆明泛亚有色金属交易所股份有限公司;昆明泛亚有色
ff9da359,0,
6f22bec8,1,富仁金融;浙江富仁控股有限公司
c6fed712,0,
28f0b63e,1,国付宝;联动优势
5ff786a8,1,资易贷（北京）金融信息服务有限公司;小资钱包
589a42b1,0,
c8255f20,0,
a8e2d6c5,0,
46ecb7e9,1,小资钱包
af8f12dc,1,小资钱包;（北京）资易贷金融信息服务有限公司;易贷金融
d13e6e61,1,上海宜贷网
83cf8506,0,
1ac6d4bc,0,
6dc1e42a,1,云集品
f3a57189,0,
84a2411f,1,资易贷（北京）金融信息服务有限公司;小资钱包
6aac2033,1,联金所;壹佰金融;东方银座
eabe40c8,1,摩尔龙;宜贷网
04b021e4,1,潮人贷
73b71172,0,
e3080ce3,1,地浓金融
940f3c75,1,资易贷（北京）金融信息服务有限公司;小资钱包
d5952280,1,小资钱包;恒丰银行;资易贷
4c9c733a,1,唐小僧
3b9b43ac,0,
a5ffd60f,0,
d2f8e699,0,
4bf1b723,1,小资钱包;恒丰银行;资易贷
db4eaab2,0,
bb892357,0,
cc8e13c1,1,法国兴业银行
228072ed,1,易捷金融;宜贷网
bce4e74e,1,小资钱包;资易贷
7eaa11b8,1,联璧金融;斐讯;京东
09ad212e,0,
e0ce841b,1,万盈金融;钱端;宜宾制药;五粮液
79c7d5a1,1,有用分期;南京胜沃投资管理有限公司芜湖分公司;上海厚冠信息咨询有限公司芜湖分公司;绩溪上河颐养产业投资管理有限公司芜湖分公司;安徽岳西老来乐养老中心;华夏信财信息咨询（上海）有限公司芜湖分公司;华夏信财;安徽良门孝道养老服务有限公司芜湖分公司;网润金服电子商务有限公司芜湖分公司;升升投;正合普惠（深圳正合普惠金融服务有限公司）;平安普惠投资咨询有限公司芜湖分公司;幸福澜海养老产业发展有限公司芜湖分公司;锐拓（杭州）互联网金融信息服务有限公司芜湖分公司;镜湖区春百日用百货店;青岛海捷新能源汽车服务有限公司芜湖分公司;升升投（中发展信（北京）投资管理有限公司）;银谷普惠信息咨询（北京）有限公司芜湖分公司;美利金融的品牌暨全资子公司;北京仁远融信资本管理有限公司芜湖分公司
0ec0e537,1,资易贷（北京）金融信息服务有限公司;小资钱包
e978c830,0,
89bf41d5,1,唐小僧
10b6106f,1,小资钱包;资易贷
8ed285cc,0,
f9d5b55a,1,宜贷网
8764c9e7,0,
e0293c36,0,
e744f82f,0,
9043c8b9,1,资易贷（北京）金融信息服务有限公司;小资钱包
00fcd528,0,
77fbe5be,0,
f9320d77,0,
1051a842,1,江西国润
675698d4,0,
8958f9f8,1,资易贷（北京）金融信息服务有限公司;小资钱包
71938bf8,1,深圳市钱爸爸电子商务有限公司;钱爸爸
9f9dead4,1,陆金所;拍拍贷;安捷财富
e89ada42,1,北京资易贷金融信息服务有限公司;小资钱包
76fe4fe1,1,壹佰金融
eff71e5b,0,
084f335c,1,小资钱包;北京正聚源通鼎公司
6888bab9,1,小资钱包;资易贷
1f8f8a2f,0,
18e24e36,0,
1154021d,1,小资钱包;资易贷
daacb8c0,0,
4d7e6148,1,摩尔龙;成都易捷公司;????宜贷网
3a7951de,1,北京亚太投资
b3dd7d0e,1,悟空单车
54655009,1,娱乐链
15ff4efc,0,
fbf12fd0,0,
8cf61f46,1,壹佰金融
6595ba73,0,
fc9cebc9,1,小资钱包;资易贷
7c8e8b32,1,小资钱包;北京资易贷金融信息服务有限公司（简称小资钱包）
e587da88,0,
9280ea1e,0,
7538c719,1,中国软银;宜贷网
27c92c7e,0,
bec07dc4,1,中汇电子支付有限公司重庆分公司
57a3d8f1,0,
3ed21d3f,1,红岭创投;陆金所
49d52da9,0,
a7db4c85,0,
39bfd926,1,资易贷（北京）金融信息服务有限公司;小资钱包
4eb8e9b0,0,
470ea59b,1,恒宇天泽;乐视网
ce4d3166,0,
574460dc,0,
2043504a,1,小资钱包;恒丰银行;资易贷
b79189c2,1,联璧金融;上海联璧电子科技（集团）有限公司
a05130b1,0,
4e5f519d,0,
3958610b,1,惠农贷;卓金金服
49329584,1,鼎治泰达;圣盈信CIFS
ae8ab883,0,
003b1540,0,
ee35746c,0,
7e8a69fd,1,海象理财
694ad08e,0,
8744b1a2,0,
f0438134,0,
19202401,0,
802975bb,0,
f72e452d,0,
679158bc,0,
1096682a,0,
4267834d,1,北京华赢凯来资产管理有限公司
3560b3db,1,钱宝网
ac69e261,1,杭州云端金融信息服务有限公司
db6ed2f7,0,
dc0316ee,0,
4cbc0b7f,0,
5b7cb20c,0,
c275e3b6,1,资易贷（北京）金融信息服务有限公司;小资钱包
b21f1739,1,北京华澳融信;华澳新桥集团;余盆网;北京华澳翼时代信息技术有限责任公司;北京华澳融信国际投资管理咨询有限公司
c51827af,0,
55a73a3e,1,爱多银;艾慕杰信息技术有限公司
22a00aa8,0,
143d24cb,1,海象理财
633a145d,1,资易贷（北京）金融信息服务有限公司;小资钱包
8d347571,0,
1350e0d2,1,小资钱包;恒丰银行;资易贷
6457d044,1,北京资易贷金融信息服务有限公司;小资钱包
8a59b168,0,
6de19c6f,0,
942f4430,0,
0a4bd193,1,58money
7d4ce105,1,北京资易贷金融信息服务有限公司;小资钱包
e445b0bf,1,小花钱包;华夏信财;中腾信;拍拍贷;钱站;友信
03fd9db8,0,
74faad2e,0,
510c76df,0,
c8052765,1,上海邯渤资产管理有限公司;汇金方格（北京）投资管理有限公司;广州亚投;北京圆融通资产管理有限公司;高能天成投资（北京）有限公司;深圳市前海合兴永盛基金管理有限公司
4817479e,0,
d11e1624,0,
d673d23d,1,钱宝网
a174e2ab,1,懒财网
46cccfac,0,
b8886bc7,0,
cf8f5b51,0,
21813a7d,1,闲鱼
c154d363,1,资易贷（北京）金融信息服务有限公司;小资钱包
d6946a10,0,
4f9d3baa,1,华融国际信托有限责任公司;华融信
389a0b3c,0,
a6fe9e9f,0,
d1f9ae09,1,联璧金融;斐讯;京东
48f0ffb3,1,摩尔龙;宜贷网
3ff7cf25,1,资易贷（北京）金融信息服务有限公司;小资钱包
d84fe222,1,易捷金融;宜贷网
05106f00,1,联璧金融
9c193eba,0,
ec73ca35,1,钱宝网
7cccd7a4,1,南京东部路桥工程有限公司;南京建工集团
1c0b5e41,0,
f2053f6d,1,杭州云端金融信息服务有限公司
6c61aace,0,
f568fb74,1,i财富;深圳前海大福资本管理有限公司
ae2f5c38,1,海象理财
de45a8b7,1,绿之韵
4efab526,0,
593a0c55,0,
b7346d79,0,
2950f8da,1,人人公益
b059a960,1,小资钱包;北京正聚源通鼎公司
57e18467,0,
617caa04,0,
f875fbbe,0,
8f72cb28,0,
11165e8b,0,
ff183fa7,0,
18a012a0,1,上海联璧电子科技（集团）有限公司
78679b45,1,懒财网;上海华瑞银行
e16ecaff,1,小资钱包;资易贷
080d6fca,1,小资钱包;恒丰银行
7f0a5f5c,0,
91043e70,1,小资钱包;资易贷;????小资钱包
01bb23e1,1,小资钱包;资易贷
76bc1377,1,小资钱包;资易贷
ca43993c,0,
ba296db3,1,唐小僧
5d9140b4,0,
3d56c951,1,易捷金融;宜贷网
4a51f9c7,1,钱宝网
a45f98eb,1,多米金融
4d3c3dde,1,钱宝网
338d4163,0,
baced59e,0,
cdc9e508,0,
54c0b4b2,0,
caa42111,0,
c3126d3a,1,国金所;滨海（天津）金融资产交易中心股份有限公司
4ddb85f3,0,
a4b820c6,0,
ad0e6ced,1,红岭创投;投资宝
da095c7b,0,
73d535a1,0,
04d20537,1,诺德
03bfc12e,1,云债宝
9ab69094,1,????恒企教育;E融易贷;融易贷
edb1a002,0,
f3c7555a,1,小资钱包;恒丰银行;资易贷
f4aa9143,0,
41e35723,1,资易贷（北京）金融信息服务有限公司;小资钱包
36e467b5,0,
a880f216,1,小资钱包;资易贷金融信息服务有限公司
df87c280,1,彩云金融
4f38df11,1,京圆柚理财
383fef87,1,凯迪生态;中战华信
58f86662,0,
b6f6074e,0,
289292ed,1,现代金控
b19bc357,1,人人公益
5623ee50,0,
2124dec6,1,小资钱包;(北京)资易贷金融信息服务有限公司
f9b79189,0,
8eb0a11f,1,唐小僧
19627897,0,
6e654801,1,资易贷（北京）金融信息服务有限公司;小资钱包
0ea2c1e4,1,小资钱包;资易贷
79a5f172,0,
7ec8356b,0,
90c65447,1,民生投资;安信信托
007949d6,1,钱宝网
777e7940,0,
5288a2b1,1,小资钱包;北京资易贷
bbeb0784,0,
2b541a15,1,汇聚财富
5c532a83,0,
4b9393f0,1,人人公益
d29ac24a,0,
3bf9677f,1,资易贷（北京）金融信息服务有限公司;小资钱包;易贷金融
d5f70653,1,?小鸣单车
324f2b54,0,
45481bc2,0,
bb0cbfa9,1,美团
cb664b26,0,
a2178ee8,1,小资钱包;恒丰银行
a57a4af1,0,
dbcb364c,0,
769a2324,1,易贷网;宜贷网
019d13b2,1,资易贷（北京）金融信息服务有限公司;小资钱包
98944208,0,
06f0d7ab,1,小资钱包;资易贷(北京）金融信息有限公司
9ff98611,1,资易贷（北京）金融信息服务有限公司;小资钱包;恒丰银行
6f811265,0,
818f7349,1,小资钱包;恒丰银行;资易贷
f68843df,1,摩尔龙;宜贷网
1febe6ea,1,资易贷（北京）金融信息服务有限公司;小资钱包
86e2b750,0,
44ac41a6,0,
33ab7130,0,
dda5101c,0,
34c6b529,0,
adcfe493,0,
dac8d405,1,钱宝
5db770e7,1,快易借;速贷宝;任性贷
c4be215d,1,资易贷（北京）金融信息服务有限公司;小资钱包
b4d4d5d2,1,小资钱包;资易贷
536cf8d5,1,上海易贷网金融信息公司;宜贷网
246bc843,0,
12f6e620,1,大拇哥财富
65f1d6b6,0,
629c12af,0,
fb954315,0,
7b8723ee,0,
e28e7254,1,摩尔龙公司;成都易捷公司;宜贷网
72316fc5,0,
20c084a2,1,信和上融网络科技（北京）有限公司;信和大金融
57c7b434,0,
cecee58e,1,毕投金服;好麦金融
591c3c06,0,
4edc8575,1,资易贷（北京）金融信息服务有限公司;小资钱包
3eb671fa,1,成都易捷;摩尔龙;宜贷网
d0b810d6,1,冠群驰骋;冠e通
a7bf2040,1,金贝猫
40070d47,1,上海盛付通电子支付服务有限公司陕西分公司
be43a92c,1,川惠财富
c94499ba,0,
504dc800,1,宜贷网
274af896,0,
b92e6d35,1,恒昌;金久农村小额贷款有限公司
ce295da3,1,360金融
57200c19,1,小资钱包;资易贷
20273c8f,1,懒财网
b098211e,1,北京资易贷金融信息服务有限公司;小资钱包
a758986d,1,票据宝
4956f941,1,海象理财;复华集团
d7326ce2,1,红岭创投
4e3b3d58,0,
393c0dce,1,金叶金融;邦利金融;格林易贷;融钢贷;普惠在线
de8420c9,1,资易贷（北京）金融信息服务有限公司;小资钱包
9956283f,1,小资钱包;恒丰银行;资易贷
ee5118a9,0,
70358d0a,0,
e93cdcb0,1,钱宝网
7983c121,1,天津源丰财富生活网络信息服务有限公司;e周行;天津渤海创投集团
0e84f1b7,1,来存吧
6e437852,1,懒财网
194448c4,1,联璧金融;唐小僧
804d197e,1,e租宝;泛亚有色金属交易所
f74a29e8,1,钱宝网
1e298cdd,0,
8720dd67,1,普银币;深圳普银区块链集团有限公司
f027edf1,1,零时口袋;快易借;钱太太;速贷宝;天天花;复星宝;机有米;闪到;金婵钱包;宇宙白卡;喵喵贷;小肥羊
6098f060,1,维卡币
dc677a2b,1,深圳赛伯乐绿科投资管理有限公司;赛伯乐(上海)投资管理有限公司;杭州乐泽股权投资合伙企业;重庆赛伯乐盈科;赛伯乐绿科;重庆赛伯乐盈科股权投资基金管理有限公司;新余铭沃投资管理中心;新余铭沃;赛伯乐投资
3504df1e,1,小资钱包;北京资易贷金融信息服务有限公司（简称小资钱包）
ac0d8ea4,0,
3cb29335,0,
5c751ad0,0,
2b722a46,1,资易贷（北京）金融信息服务有限公司;小资钱包
c2118f73,1,云集品
52ae92e2,0,
6433bc81,1,花旗
fd3aed3b,0,
1459480e,1,粤融贷;广东粤融泰富网络信息服务有限公司
fa572922,0,
6ae834b3,0,
0a2fbd56,0,
7d288dc0,0,
9326ecec,1,摩尔龙;宜贷网
e34c1863,1,壹佰金融
944b28f5,1,钱宝网
04f43564,1,钱宝网
2102ee95,1,诺诺镑客;麦子金服
5605de03,1,资易贷（北京）金融信息服务有限公司;小资钱包;资易贷
cf0c8fb9,1,懒财网;华润银行
266f2a8c,0,
58de5631,0,
4f1eef42,0,
d617bef8,0,
a1108e6e,1,小资钱包;恒丰银行
a67d4a77,0,
c886f38d,1,小资钱包;恒丰银行
518fa237,0,
268892a1,0,
b8ec0702,0,
56e2662e,0,
48949376,0,
a1f73643,0,
a8417a68,0,
df464afe,0,
751ef74a,0,
0219c7dc,0,
ec17a6f0,1,摩尔龙公司;成都易捷公司;宜贷网
9c7d527f,0,
1b02f69d,1,小资钱包
6b680212,0,
1c6f3284,1,网利宝
f26153a8,1,小资钱包;恒丰银行
62de4e39,1,摩尔龙;宜贷网
15d97eaf,1,fcoin
472895c8,1,资易贷（北京）金融信息服务有限公司;小资钱包
de21c472,0,
37426147,1,毕投金服;好麦金融
b03dc5a5,1,中弘股份
c73af533,1,新华财富
595e6090,1,深圳市钱爸爸电子商务有限公司;钱爸爸
2e595006,1,联璧金融
b75001bc,1,旺旺贷
c057312a,0,
50e82cbb,1,摩尔龙;易捷套路贷;易贷网;宜贷网
27ef1c2d,0,
ff7c5362,1,小资钱包;恒丰银行
7f6e3399,1,北京资易贷金融信息服务有限公司（简称小资钱包） ;小资钱包
7803f780,1,易商通
e10aa63a,0,
ba4d0176,1,摩尔龙;宜贷网
ca27f5f9,1,小资钱包;资易贷
bd20c56f,1,名创优品
2d9fd8fe,1,易捷金融;宜贷网
d45100a1,1,浙江华恩资本管理有限公司;河北滨海大宗商品交易市场
d33cc4b8,0,
a43bf42e,0,
3484e9bf,1,绿化贷
4383d929,0,
53c91c6e,1,资易贷（北京）金融信息服务有限公司;小资钱包
24ce2cf8,0,
baaab95b,0,
cdad89cd,0,
54a4d877,0,
23a3e8e1,0,
4ad22d2f,0,
d4b6b88c,1,小资钱包;恒丰银行;资易贷
4dbfe936,0,
3ab8d9a0,1,钱宝网
aa07c431,0,
74dc9d7d,0,
03dbadeb,0,
9ad2fc51,1,钱端;网利宝
edd5ccc7,1,信和大金融
eab808de,0,
0d0025d9,0,
6dc7ac3c,1,摩尔龙;成都易捷公司;宜贷网
83c9cd10,0,
f4cefd86,1,fcoin
6aaa6825,1,e周行
f3a3399f,0,
141b1498,1,易捷金融;宜贷网
41873be6,1,介贷网
483177cd,0,
3f36475b,1,小白财经
28f6fe28,1,资易贷（北京）金融信息服务有限公司;小资钱包;恒丰银行;资易贷
b1ffaf92,0,
589c0aa7,1,玖富?投诉量最多
2f9b3a31,0,
b6926b8b,0,
c1955b1d,1,昆明泛亚有色金属交易所;e租宝
512a468c,1,资易贷（北京）金融信息服务有限公司;小资钱包
262d761a,1,上海中赢金融信息服务有限公司
10b05879,1,壹佰金融
febe3955,0,
f9d3fd4c,0,
696ce0dd,0,
90a23882,0,
79c19db7,0,
97cffc9b,1,小资钱包;资易贷北京金融信息服务有限公司
0770e10a,1,深圳市海钜信达投资发展有限公司;前海航交所;钜稳赢;海钜信达
55810a6d,1,极路由
bb8f6b41,1,人人公益
bce2af58,1,小资钱包;北京正聚源通鼎公司;北京资易贷公司（小资钱包平台）
2c5db2c9,0,
4c9a3b2c,1,国付宝;联动优势
d5936a96,0,
3cf0cfa3,1,资易贷（北京）金融信息服务有限公司;小资钱包
d2feae8f,1,友友贷
a5f99e19,1,摩尔龙公司;成都易捷公司;宜贷网
4241b31e,1,聚财猫
bc051775,1,资易贷（北京）金融信息服务有限公司;小资钱包
cb0227e3,1,摩尔龙;易捷金融;宜贷网
250c46cf,1,口贷网;利巨人
5566b240,0,
226182d6,0,
b2de9f47,1,泛亚交易所;昆明泛亚有色金属交易所股份有限公司
c5d9afd1,1,金亚
4b104718,0,
a273e22d,1,优库速购
d574d2bb,0,
abc5ae06,0,
7f80da40,0,
0887ead6,1,重庆惠民金融服务公司;联保通;西部陆金所
e6898bfa,0,
0fea2ecf,0,
96e37f75,1,冠群驰骋;冠e通
e1e44fe3,1,唐小僧
715b5272,0,
119cdb97,0,
88958a2d,0,
61f62f18,1,玖玖金融;光彩玖玖
1f4753a5,1,小资钱包;资易贷金融信息服务有限公司
a3b8d9ee,1,多米金融
4adb7cdb,0,
436d30f0,0,
346a0066,0,
23aab915,0,
baa3e8af,0,
cda4d839,0,
53c04d9a,1,超爱财;海钜信达
24c77d0c,0,
1bec1f44,1,雅堂金融
6ceb2fd2,0,
6b86ebcb,0,
f28fba71,1,山东上咸投资有限公司;上咸bank
75f01e93,1,钱宝网
ecf94f29,0,
9bfe7fbf,1,小资钱包;资易贷
059aea1c,1,小资钱包;恒丰银行
729dda8a,0,
9c93bba6,1,易捷金融;宜贷网
0c2ca637,0,
7b2b96a1,1,鼎治泰达财富（北京）金融服务外包有限公司;鼎治泰达;圣盈信
c7d41cea,1,水滴互助
59b08949,1,小资钱包;恒丰银行
c0b9d8f3,1,兴业投资
2701f5f4,1,冠群驰骋;冠e通
47c67c11,1,小资钱包;资易贷
decf2dab,0,
aea5d924,0,
3e1ac4b5,1,资易贷（北京）金融信息服务有限公司;小资钱包
c05e60de,1,资易贷（北京）金融信息服务有限公司;小资钱包
59573164,1,江西鑫合晟商品交易中心
2e5001f2,0,
c733a4c7,1,联璧金融;唐小僧
293dc5eb,1,易捷金融;宜贷网
b982d87a,0,
ce85e8ec,1,资易贷（北京）金融信息服务有限公司;小资钱包
ae426109,1,恒昌
d945519f,1,聚财猫;北京银行
374b30b3,0,
a92fa510,1,沃时贷
3026f4aa,0,
a099e93b,0,
d79ed9ad,0,
904cd15b,0,
e74be1cd,1,摩尔龙;成都易捷公司;????宜贷网
792f746e,1,麦子金服;名校贷
0e2844f8,1,资易贷（北京）信息金融服务有限公司;小资钱包
079e08d3,0,
fe50d08c,0,
6034452f,0,
f93d1495,0,
1e853992,1,钱宝
4c74d2f5,0,
3b73e263,0,
d57d834f,0,
4b1916ec,0,
d2104756,1,新华金典;筷来财
42af5ac7,0,
bb618298,1,小资钱包;资易贷
cc66b20e,0,
520227ad,1,普银币;深圳普银区块链集团有限公司
2505173b,0,
832724c9,0,
1d43b16a,0,
6a4481fc,0,
14f5fd41,1,握握金服
63f2cdd7,0,
03354432,0,
743274a4,0,
735fb0bd,1,小资钱包
ea56e107,0,
9d51d191,1,美盾互联网金融;帝象金融;酒掌柜
281817f1,0,
5f1f2767,1,e租宝;融360
c17bb2c4,0,
a80a770a,0,
366ee2a9,0,
4169d23f,0,
b69b3a7f,1,资易贷（北京）金融信息服务有限公司;小资钱包;资易贷
58955b53,1,资易贷（北京）信息金融服务有限公司;小资钱包
b1f6fe66,0,
c6f1cef0,0,
5ff89f4a,1,小资钱包;资易贷金融信息服务有限公司
28ffafdc,1,易捷金融;宜贷网
b840b24d,1,盒子支付
cf4782db,0,
36895a84,1,瑞丰寄售行;金融信贷;爱贷金服
46e3ae0b,1,易捷公司;摩尔龙;宜贷网
31e49e9d,1,小资钱包;资易贷;北京正聚源公司
77bc7d45,0,
